  2.000000000000000E-003  2.000000000000000E-003 -0.178212389077389     
  2.000000000000000E-003  0.302332916666667      -0.167359715615929     
  2.000000000000000E-003  0.602665833333333      -0.156254217749010     
  2.000000000000000E-003  0.902998750000000      -0.154664208754665     
  2.000000000000000E-003   1.20333166666667      -0.152856010720741     
  2.000000000000000E-003   1.50366458333333      -0.149121133936851     
  2.000000000000000E-003   1.80399750000000      -0.143743210147719     
  2.000000000000000E-003   2.10433041666667      -0.137118212165348     
  2.000000000000000E-003   2.40466333333333      -0.129675453477664     
  2.000000000000000E-003   2.70499625000000      -0.122041019429998     
  2.000000000000000E-003   3.00532916666667      -0.115517047191921     
  2.000000000000000E-003   3.30566208333333      -0.112121768030801     
  2.000000000000000E-003   3.60599500000000      -0.109628770712726     
  2.000000000000000E-003   3.90632791666667      -0.102916971562576     
  2.000000000000000E-003   4.20666083333333      -9.603102003844165E-002
  2.000000000000000E-003   4.50699375000000      -8.809324904957570E-002
  2.000000000000000E-003   4.80732666666667      -8.088110759981743E-002
  2.000000000000000E-003   5.10765958333333      -7.494618538621563E-002
  2.000000000000000E-003   5.40799250000000      -7.041596446456508E-002
  2.000000000000000E-003   5.70832541666667      -6.722997913532489E-002
  2.000000000000000E-003   6.00865833333333      -6.516254588192162E-002
  2.000000000000000E-003   6.30899125000000      -6.384008839308493E-002
  2.000000000000000E-003   6.60932416666667      -6.258934699900030E-002
  2.000000000000000E-003   6.90965708333333      -6.019237359532733E-002
  2.000000000000000E-003   7.20999000000000      -5.680955556920658E-002
  0.302332916666667       2.000000000000000E-003 -0.199358128184306     
  0.302332916666667       0.302332916666667      -0.190962797368866     
  0.302332916666667       0.602665833333333      -0.178922110797079     
  0.302332916666667       0.902998750000000      -0.174878058305468     
  0.302332916666667        1.20333166666667      -0.171003755547228     
  0.302332916666667        1.50366458333333      -0.165513600125491     
  0.302332916666667        1.80399750000000      -0.158562943841399     
  0.302332916666667        2.10433041666667      -0.150403558512688     
  0.302332916666667        2.40466333333333      -0.141459753545193     
  0.302332916666667        2.70499625000000      -0.132319069556174     
  0.302332916666667        3.00532916666667      -0.124051197822465     
  0.302332916666667        3.30566208333333      -0.118435457358293     
  0.302332916666667        3.60599500000000      -0.114515830172592     
  0.302332916666667        3.90632791666667      -0.108002210052922     
  0.302332916666667        4.20666083333333      -0.100311828151602     
  0.302332916666667        4.50699375000000      -9.227811695546775E-002
  0.302332916666667        4.80732666666667      -8.503762644786979E-002
  0.302332916666667        5.10765958333333      -7.889341788061151E-002
  0.302332916666667        5.40799250000000      -7.397320198308052E-002
  0.302332916666667        5.70832541666667      -7.032110258966716E-002
  0.302332916666667        6.00865833333333      -6.765778168028187E-002
  0.302332916666667        6.30899125000000      -6.550077228888328E-002
  0.302332916666667        6.60932416666667      -6.303238916393281E-002
  0.302332916666667        6.90965708333333      -6.001991389394530E-002
  0.302332916666667        7.20999000000000      -5.774329535344287E-002
  0.602665833333333       2.000000000000000E-003 -0.221627986569885     
  0.602665833333333       0.302332916666667      -0.217062964628120     
  0.602665833333333       0.602665833333333      -0.207698580074613     
  0.602665833333333       0.902998750000000      -0.199364459736194     
  0.602665833333333        1.20333166666667      -0.191640843755376     
  0.602665833333333        1.50366458333333      -0.183497711048924     
  0.602665833333333        1.80399750000000      -0.174568115973033     
  0.602665833333333        2.10433041666667      -0.164797770194704     
  0.602665833333333        2.40466333333333      -0.154586450006026     
  0.602665833333333        2.70499625000000      -0.144397210267088     
  0.602665833333333        3.00532916666667      -0.134894566366183     
  0.602665833333333        3.30566208333333      -0.126943206248773     
  0.602665833333333        3.60599500000000      -0.120180223893969     
  0.602665833333333        3.90632791666667      -0.112837577518022     
  0.602665833333333        4.20666083333333      -0.104670648980655     
  0.602665833333333        4.50699375000000      -9.656028233241205E-002
  0.602665833333333        4.80732666666667      -8.933957058008335E-002
  0.602665833333333        5.10765958333333      -8.294342922028783E-002
  0.602665833333333        5.40799250000000      -7.763130315749443E-002
  0.602665833333333        5.70832541666667      -7.340912511205901E-002
  0.602665833333333        6.00865833333333      -7.001113548735496E-002
  0.602665833333333        6.30899125000000      -6.700047281657182E-002
  0.602665833333333        6.60932416666667      -6.388019627371644E-002
  0.602665833333333        6.90965708333333      -6.075812795988028E-002
  0.602665833333333        7.20999000000000      -5.779995899394770E-002
  0.902998750000000       2.000000000000000E-003 -0.244180086520513     
  0.902998750000000       0.302332916666667      -0.241277783092401     
  0.902998750000000       0.602665833333333      -0.233676611293066     
  0.902998750000000       0.902998750000000      -0.223840822865260     
  0.902998750000000        1.20333166666667      -0.213288616874160     
  0.902998750000000        1.50366458333333      -0.202412223198418     
  0.902998750000000        1.80399750000000      -0.191211192849997     
  0.902998750000000        2.10433041666667      -0.179678244250734     
  0.902998750000000        2.40466333333333      -0.168235931970349     
  0.902998750000000        2.70499625000000      -0.157059619174688     
  0.902998750000000        3.00532916666667      -0.146378819637477     
  0.902998750000000        3.30566208333333      -0.136543276349389     
  0.902998750000000        3.60599500000000      -0.127391319452511     
  0.902998750000000        3.90632791666667      -0.118395268457394     
  0.902998750000000        4.20666083333333      -0.109489787387589     
  0.902998750000000        4.50699375000000      -0.101162659948907     
  0.902998750000000        4.80732666666667      -9.369632189069990E-002
  0.902998750000000        5.10765958333333      -8.702831917553853E-002
  0.902998750000000        5.40799250000000      -8.127214641396427E-002
  0.902998750000000        5.70832541666667      -7.644890309673581E-002
  0.902998750000000        6.00865833333333      -7.233174608919211E-002
  0.902998750000000        6.30899125000000      -6.863599784997183E-002
  0.902998750000000        6.60932416666667      -6.510067250770979E-002
  0.902998750000000        6.90965708333333      -6.161691470525933E-002
  0.902998750000000        7.20999000000000      -5.802567048897969E-002
   1.20333166666667       2.000000000000000E-003 -0.276050498229387     
   1.20333166666667       0.302332916666667      -0.273015454845403     
   1.20333166666667       0.602665833333333      -0.264563231146994     
   1.20333166666667       0.902998750000000      -0.252309322277174     
   1.20333166666667        1.20333166666667      -0.238129242867480     
   1.20333166666667        1.50366458333333      -0.223405941967011     
   1.20333166666667        1.80399750000000      -0.208896394811856     
   1.20333166666667        2.10433041666667      -0.194931078678686     
   1.20333166666667        2.40466333333333      -0.181761972053452     
   1.20333166666667        2.70499625000000      -0.169274557409508     
   1.20333166666667        3.00532916666667      -0.157283703648027     
   1.20333166666667        3.30566208333333      -0.145793348824748     
   1.20333166666667        3.60599500000000      -0.134806332272500     
   1.20333166666667        3.90632791666667      -0.124333521732806     
   1.20333166666667        4.20666083333333      -0.114595164431149     
   1.20333166666667        4.50699375000000      -0.105830394631366     
   1.20333166666667        4.80732666666667      -9.800020034283451E-002
   1.20333166666667        5.10765958333333      -9.099016283111021E-002
   1.20333166666667        5.40799250000000      -8.477480671130302E-002
   1.20333166666667        5.70832541666667      -7.933071983702182E-002
   1.20333166666667        6.00865833333333      -7.451022468912286E-002
   1.20333166666667        6.30899125000000      -7.015047973350749E-002
   1.20333166666667        6.60932416666667      -6.608242942186417E-002
   1.20333166666667        6.90965708333333      -6.214704765827219E-002
   1.20333166666667        7.20999000000000      -5.821992329852492E-002
   1.50366458333333       2.000000000000000E-003 -0.327608264802537     
   1.50366458333333       0.302332916666667      -0.323083842204689     
   1.50366458333333       0.602665833333333      -0.310463483361322     
   1.50366458333333       0.902998750000000      -0.292077008520746     
   1.50366458333333        1.20333166666667      -0.270848451075131     
   1.50366458333333        1.50366458333333      -0.249336893457763     
   1.50366458333333        1.80399750000000      -0.229101534451626     
   1.50366458333333        2.10433041666667      -0.210853434760522     
   1.50366458333333        2.40466333333333      -0.194888131479073     
   1.50366458333333        2.70499625000000      -0.180602559940027     
   1.50366458333333        3.00532916666667      -0.167217000708882     
   1.50366458333333        3.30566208333333      -0.154301388814781     
   1.50366458333333        3.60599500000000      -0.141871377634482     
   1.50366458333333        3.90632791666667      -0.130223295056732     
   1.50366458333333        4.20666083333333      -0.119688222638254     
   1.50366458333333        4.50699375000000      -0.110385064385523     
   1.50366458333333        4.80732666666667      -0.102160165491262     
   1.50366458333333        5.10765958333333      -9.475951670968547E-002
   1.50366458333333        5.40799250000000      -8.802980176516878E-002
   1.50366458333333        5.70832541666667      -8.195295079885048E-002
   1.50366458333333        6.00865833333333      -7.644686836107581E-002
   1.50366458333333        6.30899125000000      -7.143952160532513E-002
   1.50366458333333        6.60932416666667      -6.683497894076107E-002
   1.50366458333333        6.90965708333333      -6.250529425102588E-002
   1.50366458333333        7.20999000000000      -5.836067531175800E-002
   1.80399750000000       2.000000000000000E-003 -0.409875748115286     
   1.80399750000000       0.302332916666667      -0.402029730150830     
   1.80399750000000       0.602665833333333      -0.380728029693194     
   1.80399750000000       0.902998750000000      -0.350411726558275     
   1.80399750000000        1.20333166666667      -0.316539509668925     
   1.80399750000000        1.50366458333333      -0.283267255700860     
   1.80399750000000        1.80399750000000      -0.253153176673648     
   1.80399750000000        2.10433041666667      -0.228001795338063     
   1.80399750000000        2.40466333333333      -0.207693159073953     
   1.80399750000000        2.70499625000000      -0.190876568830184     
   1.80399750000000        3.00532916666667      -0.175971640901424     
   1.80399750000000        3.30566208333333      -0.161922205539731     
   1.80399750000000        3.60599500000000      -0.148455042759987     
   1.80399750000000        3.90632791666667      -0.135864629281222     
   1.80399750000000        4.20666083333333      -0.124563599133848     
   1.80399750000000        4.50699375000000      -0.114699372936803     
   1.80399750000000        4.80732666666667      -0.106058089430161     
   1.80399750000000        5.10765958333333      -9.825689263792119E-002
   1.80399750000000        5.40799250000000      -9.101565509506197E-002
   1.80399750000000        5.70832541666667      -8.427797124540402E-002
   1.80399750000000        6.00865833333333      -7.810711058340347E-002
   1.80399750000000        6.30899125000000      -7.249553114660771E-002
   1.80399750000000        6.60932416666667      -6.740638822021594E-002
   1.80399750000000        6.90965708333333      -6.274634419098465E-002
   1.80399750000000        7.20999000000000      -5.842833521995795E-002
   2.10433041666667       2.000000000000000E-003 -0.536746217532920     
   2.10433041666667       0.302332916666667      -0.522634131256284     
   2.10433041666667       0.602665833333333      -0.484698683266293     
   2.10433041666667       0.902998750000000      -0.433294681391679     
   2.10433041666667        1.20333166666667      -0.377851398339011     
   2.10433041666667        1.50366458333333      -0.325866946327671     
   2.10433041666667        1.80399750000000      -0.281735415312435     
   2.10433041666667        2.10433041666667      -0.246893906927443     
   2.10433041666667        2.40466333333333      -0.220456574345255     
   2.10433041666667        2.70499625000000      -0.200146920617042     
   2.10433041666667        3.00532916666667      -0.183407455820693     
   2.10433041666667        3.30566208333333      -0.168344483606794     
   2.10433041666667        3.60599500000000      -0.154144576712338     
   2.10433041666667        3.90632791666667      -0.140883488350656     
   2.10433041666667        4.20666083333333      -0.128969281514937     
   2.10433041666667        4.50699375000000      -0.118602269944358     
   2.10433041666667        4.80732666666667      -0.109563735789869     
   2.10433041666667        5.10765958333333      -0.101385551384966     
   2.10433041666667        5.40799250000000      -9.368257750232917E-002
   2.10433041666667        5.70832541666667      -8.635314827304799E-002
   2.10433041666667        6.00865833333333      -7.952025283569518E-002
   2.10433041666667        6.30899125000000      -7.332345386634591E-002
   2.10433041666667        6.60932416666667      -6.777759465633262E-002
   2.10433041666667        6.90965708333333      -6.281922413122924E-002
   2.10433041666667        7.20999000000000      -5.835751941530726E-002
   2.40466333333333       2.000000000000000E-003 -0.730502403756755     
   2.40466333333333       0.302332916666667      -0.703044804326866     
   2.40466333333333       0.602665833333333      -0.631703957338427     
   2.40466333333333       0.902998750000000      -0.541939040745756     
   2.40466333333333        1.20333166666667      -0.453539794522288     
   2.40466333333333        1.50366458333333      -0.376533027939830     
   2.40466333333333        1.80399750000000      -0.314500031520379     
   2.40466333333333        2.10433041666667      -0.267473066252640     
   2.40466333333333        2.40466333333333      -0.233303386649445     
   2.40466333333333        2.70499625000000      -0.208561750485610     
   2.40466333333333        3.00532916666667      -0.189581639991769     
   2.40466333333333        3.30566208333333      -0.173487709659144     
   2.40466333333333        3.60599500000000      -0.158749721569008     
   2.40466333333333        3.90632791666667      -0.145058080676046     
   2.40466333333333        4.20666083333333      -0.132714475643420     
   2.40466333333333        4.50699375000000      -0.121948893742833     
   2.40466333333333        4.80732666666667      -0.112566251621611     
   2.40466333333333        5.10765958333333      -0.104055847003686     
   2.40466333333333        5.40799250000000      -9.595556814285075E-002
   2.40466333333333        5.70832541666667      -8.811852084327500E-002
   2.40466333333333        6.00865833333333      -8.069275993672861E-002
   2.40466333333333        6.30899125000000      -7.389955228386784E-002
   2.40466333333333        6.60932416666667      -6.784812354136219E-002
   2.40466333333333        6.90965708333333      -6.254767554294660E-002
   2.40466333333333        7.20999000000000      -5.800403722762487E-002
   2.70499625000000       2.000000000000000E-003 -0.990520394532104     
   2.70499625000000       0.302332916666667      -0.945306097501216     
   2.70499625000000       0.602665833333333      -0.827634067238704     
   2.70499625000000       0.902998750000000      -0.678431297073957     
   2.70499625000000        1.20333166666667      -0.541277296167953     
   2.70499625000000        1.50366458333333      -0.432197731444347     
   2.70499625000000        1.80399750000000      -0.349203668849073     
   2.70499625000000        2.10433041666667      -0.288523027215264     
   2.70499625000000        2.40466333333333      -0.245780449184532     
   2.70499625000000        2.70499625000000      -0.216090696173429     
   2.70499625000000        3.00532916666667      -0.194606539483348     
   2.70499625000000        3.30566208333333      -0.177430504462482     
   2.70499625000000        3.60599500000000      -0.162250928652069     
   2.70499625000000        3.90632791666667      -0.148294274042735     
   2.70499625000000        4.20666083333333      -0.135683869193421     
   2.70499625000000        4.50699375000000      -0.124637934964118     
   2.70499625000000        4.80732666666667      -0.114984789437880     
   2.70499625000000        5.10765958333333      -0.106199732444109     
   2.70499625000000        5.40799250000000      -9.777086028702624E-002
   2.70499625000000        5.70832541666667      -8.950550050857756E-002
   2.70499625000000        6.00865833333333      -8.153927066613895E-002
   2.70499625000000        6.30899125000000      -7.410533330741427E-002
   2.70499625000000        6.60932416666667      -6.741934496196048E-002
   2.70499625000000        6.90965708333333      -6.182742671225702E-002
   2.70499625000000        7.20999000000000      -5.737971488654985E-002
   3.00532916666667       2.000000000000000E-003  -1.27181731522042     
   3.00532916666667       0.302332916666667       -1.20823194051340     
   3.00532916666667       0.602665833333333       -1.03977862515354     
   3.00532916666667       0.902998750000000      -0.828012142990368     
   3.00532916666667        1.20333166666667      -0.631738569674034     
   3.00532916666667        1.50366458333333      -0.485656834642537     
   3.00532916666667        1.80399750000000      -0.381244978977642     
   3.00532916666667        2.10433041666667      -0.307457553138317     
   3.00532916666667        2.40466333333333      -0.256664260910873     
   3.00532916666667        2.70499625000000      -0.222319792108728     
   3.00532916666667        3.00532916666667      -0.198453210388637     
   3.00532916666667        3.30566208333333      -0.180247874391606     
   3.00532916666667        3.60599500000000      -0.164689219129009     
   3.00532916666667        3.90632791666667      -0.150571175872464     
   3.00532916666667        4.20666083333333      -0.137818219429437     
   3.00532916666667        4.50699375000000      -0.126601371496732     
   3.00532916666667        4.80732666666667      -0.116759148713888     
   3.00532916666667        5.10765958333333      -0.107767443221888     
   3.00532916666667        5.40799250000000      -9.908588373167777E-002
   3.00532916666667        5.70832541666667      -9.047716902508056E-002
   3.00532916666667        6.00865833333333      -8.202428927135813E-002
   3.00532916666667        6.30899125000000      -7.390988774949966E-002
   3.00532916666667        6.60932416666667      -6.659432422916332E-002
   3.00532916666667        6.90965708333333      -6.080984851992371E-002
   3.00532916666667        7.20999000000000      -5.665661592109928E-002
   3.30566208333333       2.000000000000000E-003  -1.47858474990347     
   3.30566208333333       0.302332916666667       -1.40694428520180     
   3.30566208333333       0.602665833333333       -1.20825259919047     
   3.30566208333333       0.902998750000000      -0.946251474557804     
   3.30566208333333        1.20333166666667      -0.704486987434293     
   3.30566208333333        1.50366458333333      -0.525665216020453     
   3.30566208333333        1.80399750000000      -0.404364238188801     
   3.30566208333333        2.10433041666667      -0.320856406467693     
   3.30566208333333        2.40466333333333      -0.264234832834340     
   3.30566208333333        2.70499625000000      -0.226526525334116     
   3.30566208333333        3.00532916666667      -0.200916990329762     
   3.30566208333333        3.30566208333333      -0.181941716171694     
   3.30566208333333        3.60599500000000      -0.166104919028985     
   3.30566208333333        3.90632791666667      -0.151902906494307     
   3.30566208333333        4.20666083333333      -0.139094253651928     
   3.30566208333333        4.50699375000000      -0.127793025370072     
   3.30566208333333        4.80732666666667      -0.117841529988473     
   3.30566208333333        5.10765958333333      -0.108721773301733     
   3.30566208333333        5.40799250000000      -9.987835128249950E-002
   3.30566208333333        5.70832541666667      -9.103679442063753E-002
   3.30566208333333        6.00865833333333      -8.220427639456923E-002
   3.30566208333333        6.30899125000000      -7.352273646836698E-002
   3.30566208333333        6.60932416666667      -6.564071545330698E-002
   3.30566208333333        6.90965708333333      -5.981924448307521E-002
   3.30566208333333        7.20999000000000      -5.597555676653945E-002
   3.60599500000000       2.000000000000000E-003  -1.62139392937837     
   3.60599500000000       0.302332916666667       -1.47717652976689     
   3.60599500000000       0.602665833333333       -1.27108408015610     
   3.60599500000000       0.902998750000000      -0.991417639739494     
   3.60599500000000        1.20333166666667      -0.732493192157888     
   3.60599500000000        1.50366458333333      -0.540691830805929     
   3.60599500000000        1.80399750000000      -0.412851925798931     
   3.60599500000000        2.10433041666667      -0.325721391857799     
   3.60599500000000        2.40466333333333      -0.266961277937704     
   3.60599500000000        2.70499625000000      -0.228021083127279     
   3.60599500000000        3.00532916666667      -0.201767983523949     
   3.60599500000000        3.30566208333333      -0.182501983415859     
   3.60599500000000        3.60599500000000      -0.166558808690847     
   3.60599500000000        3.90632791666667      -0.152333581752361     
   3.60599500000000        4.20666083333333      -0.139515010613823     
   3.60599500000000        4.50699375000000      -0.128190087173079     
   3.60599500000000        4.80732666666667      -0.118203497711798     
   3.60599500000000        5.10765958333333      -0.109040942146216     
   3.60599500000000        5.40799250000000      -0.100141855368398     
   3.60599500000000        5.70832541666667      -9.121626899066085E-002
   3.60599500000000        6.00865833333333      -8.223420132835994E-002
   3.60599500000000        6.30899125000000      -7.332262925684793E-002
   3.60599500000000        6.60932416666667      -6.519954425491209E-002
   3.60599500000000        6.90965708333333      -5.947832713240559E-002
   3.60599500000000        7.20999000000000      -5.543506663877896E-002
   3.90632791666667       2.000000000000000E-003  -1.47858814103582     
   3.90632791666667       0.302332916666667       -1.40691334433055     
   3.90632791666667       0.602665833333333       -1.20822535981600     
   3.90632791666667       0.902998750000000      -0.946236123881642     
   3.90632791666667        1.20333166666667      -0.704479335848482     
   3.90632791666667        1.50366458333333      -0.525660143514719     
   3.90632791666667        1.80399750000000      -0.404359372936869     
   3.90632791666667        2.10433041666667      -0.320851094715564     
   3.90632791666667        2.40466333333333      -0.264229050469763     
   3.90632791666667        2.70499625000000      -0.226520524502270     
   3.90632791666667        3.00532916666667      -0.200911001138947     
   3.90632791666667        3.30566208333333      -0.181935855970507     
   3.90632791666667        3.60599500000000      -0.166099243373533     
   3.90632791666667        3.90632791666667      -0.151897404823358     
   3.90632791666667        4.20666083333333      -0.139089012259233     
   3.90632791666667        4.50699375000000      -0.127788264608594     
   3.90632791666667        4.80732666666667      -0.117837468758807     
   3.90632791666667        5.10765958333333      -0.108718635169480     
   3.90632791666667        5.40799250000000      -9.987620851652490E-002
   3.90632791666667        5.70832541666667      -9.103554607129052E-002
   3.90632791666667        6.00865833333333      -8.220351905861140E-002
   3.90632791666667        6.30899125000000      -7.352145413826656E-002
   3.90632791666667        6.60932416666667      -6.563776304683579E-002
   3.90632791666667        6.90965708333333      -5.981489587544062E-002
   3.90632791666667        7.20999000000000      -5.597198080265327E-002
   4.20666083333333       2.000000000000000E-003  -1.27182403122270     
   4.20666083333333       0.302332916666667       -1.20820702532948     
   4.20666083333333       0.602665833333333       -1.03975058092154     
   4.20666083333333       0.902998750000000      -0.827993372395271     
   4.20666083333333        1.20333166666667      -0.631727216891223     
   4.20666083333333        1.50366458333333      -0.485647459709123     
   4.20666083333333        1.80399750000000      -0.381234995311979     
   4.20666083333333        2.10433041666667      -0.307446335673731     
   4.20666083333333        2.40466333333333      -0.256652010239880     
   4.20666083333333        2.70499625000000      -0.222307134977143     
   4.20666083333333        3.00532916666667      -0.198440700078804     
   4.20666083333333        3.30566208333333      -0.180235817039567     
   4.20666083333333        3.60599500000000      -0.164677570142646     
   4.20666083333333        3.90632791666667      -0.150559779107429     
   4.20666083333333        4.20666083333333      -0.137807151291954     
   4.20666083333333        4.50699375000000      -0.126591011934804     
   4.20666083333333        4.80732666666667      -0.116750079062663     
   4.20666083333333        5.10765958333333      -0.107760238983554     
   4.20666083333333        5.40799250000000      -9.908087394574903E-002
   4.20666083333333        5.70832541666667      -9.047432477695398E-002
   4.20666083333333        6.00865833333333      -8.202313567928186E-002
   4.20666083333333        6.30899125000000      -7.390917983322631E-002
   4.20666083333333        6.60932416666667      -6.659237589578326E-002
   4.20666083333333        6.90965708333333      -6.080606324553506E-002
   4.20666083333333        7.20999000000000      -5.665227241335374E-002
   4.50699375000000       2.000000000000000E-003 -0.990527328743506     
   4.50699375000000       0.302332916666667      -0.945295137369294     
   4.50699375000000       0.602665833333333      -0.827617041170830     
   4.50699375000000       0.902998750000000      -0.678416739595508     
   4.50699375000000        1.20333166666667      -0.541264483875776     
   4.50699375000000        1.50366458333333      -0.432184074434729     
   4.50699375000000        1.80399750000000      -0.349187634315367     
   4.50699375000000        2.10433041666667      -0.288504443557613     
   4.50699375000000        2.40466333333333      -0.245760128857884     
   4.50699375000000        2.70499625000000      -0.216069922862151     
   4.50699375000000        3.00532916666667      -0.194586414458631     
   4.50699375000000        3.30566208333333      -0.177411428739842     
   4.50699375000000        3.60599500000000      -0.162232613512214     
   4.50699375000000        3.90632791666667      -0.148276114455788     
   4.50699375000000        4.20666083333333      -0.135665763384395     
   4.50699375000000        4.50699375000000      -0.124620429473614     
   4.50699375000000        4.80732666666667      -0.114968947586146     
   4.50699375000000        5.10765958333333      -0.106186790200525     
   4.50699375000000        5.40799250000000      -9.776166451852814E-002
   4.50699375000000        5.70832541666667      -8.950032345209925E-002
   4.50699375000000        6.00865833333333      -8.153778043487919E-002
   4.50699375000000        6.30899125000000      -7.410661873059991E-002
   4.50699375000000        6.60932416666667      -6.742194521707580E-002
   4.50699375000000        6.90965708333333      -6.183019717371911E-002
   4.50699375000000        7.20999000000000      -5.738273433447218E-002
   4.80732666666667       2.000000000000000E-003 -0.730507587984507     
   4.80732666666667       0.302332916666667      -0.703041060752728     
   4.80732666666667       0.602665833333333      -0.631694542601879     
   4.80732666666667       0.902998750000000      -0.541926672389762     
   4.80732666666667        1.20333166666667      -0.453524484537097     
   4.80732666666667        1.50366458333333      -0.376513642764534     
   4.80732666666667        1.80399750000000      -0.314475895720645     
   4.80732666666667        2.10433041666667      -0.267444707794410     
   4.80732666666667        2.40466333333333      -0.233272526996758     
   4.80732666666667        2.70499625000000      -0.208530725567359     
   4.80732666666667        3.00532916666667      -0.189552200934248     
   4.80732666666667        3.30566208333333      -0.173460288291233     
   4.80732666666667        3.60599500000000      -0.158723507767629     
   4.80732666666667        3.90632791666667      -0.145031897352361     
   4.80732666666667        4.20666083333333      -0.132687675673444     
   4.80732666666667        4.50699375000000      -0.121922160248771     
   4.80732666666667        4.80732666666667      -0.112541398903289     
   4.80732666666667        5.10765958333333      -0.104035038396784     
   4.80732666666667        5.40799250000000      -9.594050743111789E-002
   4.80732666666667        5.70832541666667      -8.810998367248597E-002
   4.80732666666667        6.00865833333333      -8.069058935460981E-002
   4.80732666666667        6.30899125000000      -7.390293386130758E-002
   4.80732666666667        6.60932416666667      -6.785582928972807E-002
   4.80732666666667        6.90965708333333      -6.255836199950761E-002
   4.80732666666667        7.20999000000000      -5.801638457675063E-002
   5.10765958333333       2.000000000000000E-003 -0.536749165968794     
   5.10765958333333       0.302332916666667      -0.522631424971040     
   5.10765958333333       0.602665833333333      -0.484690381835773     
   5.10765958333333       0.902998750000000      -0.433280511976890     
   5.10765958333333        1.20333166666667      -0.377830780891780     
   5.10765958333333        1.50366458333333      -0.325839197861743     
   5.10765958333333        1.80399750000000      -0.281700377208306     
   5.10765958333333        2.10433041666667      -0.246852859620908     
   5.10765958333333        2.40466333333333      -0.220412406236167     
   5.10765958333333        2.70499625000000      -0.200103066994601     
   5.10765958333333        3.00532916666667      -0.183366502308795     
   5.10765958333333        3.30566208333333      -0.168306998650634     
   5.10765958333333        3.60599500000000      -0.154109051859586     
   5.10765958333333        3.90632791666667      -0.140847652957343     
   5.10765958333333        4.20666083333333      -0.128931842076076     
   5.10765958333333        4.50699375000000      -0.118564084232264     
   5.10765958333333        4.80732666666667      -0.109527502440698     
   5.10765958333333        5.10765958333333      -0.101354705911857     
   5.10765958333333        5.40799250000000      -9.365992300345220E-002
   5.10765958333333        5.70832541666667      -8.634013794677795E-002
   5.10765958333333        6.00865833333333      -7.951697251251630E-002
   5.10765958333333        6.30899125000000      -7.332907692493994E-002
   5.10765958333333        6.60932416666667      -6.779065416650025E-002
   5.10765958333333        6.90965708333333      -6.283741187048571E-002
   5.10765958333333        7.20999000000000      -5.837865520993247E-002
   5.40799250000000       2.000000000000000E-003 -0.409876909172169     
   5.40799250000000       0.302332916666667      -0.402023792224100     
   5.40799250000000       0.602665833333333      -0.380714905053177     
   5.40799250000000       0.902998750000000      -0.350391016665680     
   5.40799250000000        1.20333166666667      -0.316510043284943     
   5.40799250000000        1.50366458333333      -0.283228237998485     
   5.40799250000000        1.80399750000000      -0.253104729969528     
   5.40799250000000        2.10433041666667      -0.227945704857498     
   5.40799250000000        2.40466333333333      -0.207633214112574     
   5.40799250000000        2.70499625000000      -0.190817582011461     
   5.40799250000000        3.00532916666667      -0.175917307304662     
   5.40799250000000        3.30566208333333      -0.161873280399425     
   5.40799250000000        3.60599500000000      -0.148409032470043     
   5.40799250000000        3.90632791666667      -0.135817774789218     
   5.40799250000000        4.20666083333333      -0.124513759014287     
   5.40799250000000        4.50699375000000      -0.114647638899716     
   5.40799250000000        4.80732666666667      -0.106008379372496     
   5.40799250000000        5.10765958333333      -9.821415495270905E-002
   5.40799250000000        5.40799250000000      -9.098393700242038E-002
   5.40799250000000        5.70832541666667      -8.425947451335665E-002
   5.40799250000000        6.00865833333333      -7.810223313494509E-002
   5.40799250000000        6.30899125000000      -7.250261159316342E-002
   5.40799250000000        6.60932416666667      -6.742313525728733E-002
   5.40799250000000        6.90965708333333      -6.277046014237320E-002
   5.40799250000000        7.20999000000000      -5.845687325195943E-002
   5.70832541666667       2.000000000000000E-003 -0.327608005878794     
   5.70832541666667       0.302332916666667      -0.323072346756966     
   5.70832541666667       0.602665833333333      -0.310441975952457     
   5.70832541666667       0.902998750000000      -0.292045950431511     
   5.70832541666667        1.20333166666667      -0.270807217982554     
   5.70832541666667        1.50366458333333      -0.249284453575814     
   5.70832541666667        1.80399750000000      -0.229038382758471     
   5.70832541666667        2.10433041666667      -0.210781134588010     
   5.70832541666667        2.40466333333333      -0.194811100365100     
   5.70832541666667        2.70499625000000      -0.180526943579676     
   5.70832541666667        3.00532916666667      -0.167148119512709     
   5.70832541666667        3.30566208333333      -0.154240543228687     
   5.70832541666667        3.60599500000000      -0.141814701007193     
   5.70832541666667        3.90632791666667      -0.130164629699017     
   5.70832541666667        4.20666083333333      -0.119624257870342     
   5.70832541666667        4.50699375000000      -0.110317760937335     
   5.70832541666667        4.80732666666667      -0.102095222143134     
   5.70832541666667        5.10765958333333      -9.470347168801553E-002
   5.70832541666667        5.40799250000000      -8.798780191087829E-002
   5.70832541666667        5.70832541666667      -8.192782432057619E-002
   5.70832541666667        6.00865833333333      -7.643842310895059E-002
   5.70832541666667        6.30899125000000      -7.144590402509461E-002
   5.70832541666667        6.60932416666667      -6.685414738098625E-002
   5.70832541666667        6.90965708333333      -6.253508487241360E-002
   5.70832541666667        7.20999000000000      -5.839736668858810E-002
   6.00865833333333       2.000000000000000E-003 -0.276048912525328     
   6.00865833333333       0.302332916666667      -0.272998291470182     
   6.00865833333333       0.602665833333333      -0.264533550339777     
   6.00865833333333       0.902998750000000      -0.252269599705339     
   6.00865833333333        1.20333166666667      -0.238078748536995     
   6.00865833333333        1.50366458333333      -0.223342435798759     
   6.00865833333333        1.80399750000000      -0.208819485490914     
   6.00865833333333        2.10433041666667      -0.194843250899884     
   6.00865833333333        2.40466333333333      -0.181667448055569     
   6.00865833333333        2.70499625000000      -0.169180853254958     
   6.00865833333333        3.00532916666667      -0.157199071739294     
   6.00865833333333        3.30566208333333      -0.145721693571568     
   6.00865833333333        3.60599500000000      -0.134741286946772     
   6.00865833333333        3.90632791666667      -0.124262977308764     
   6.00865833333333        4.20666083333333      -0.114514355123532     
   6.00865833333333        4.50699375000000      -0.105744623695380     
   6.00865833333333        4.80732666666667      -9.791820172548128E-002
   6.00865833333333        5.10765958333333      -9.091974380137290E-002
   6.00865833333333        5.40799250000000      -8.472157905359444E-002
   6.00865833333333        5.70832541666667      -7.929771898186640E-002
   6.00865833333333        6.00865833333333      -7.449725323462740E-002
   6.00865833333333        6.30899125000000      -7.015542081259285E-002
   6.00865833333333        6.60932416666667      -6.610348045037119E-002
   6.00865833333333        6.90965708333333      -6.218315633351412E-002
   6.00865833333333        7.20999000000000      -5.826675540342693E-002
   6.30899125000000       2.000000000000000E-003 -0.244177071894636     
   6.30899125000000       0.302332916666667      -0.241256173308160     
   6.30899125000000       0.602665833333333      -0.233641398564201     
   6.30899125000000       0.902998750000000      -0.223797727491478     
   6.30899125000000        1.20333166666667      -0.213236057151622     
   6.30899125000000        1.50366458333333      -0.202344641050425     
   6.30899125000000        1.80399750000000      -0.191125706105578     
   6.30899125000000        2.10433041666667      -0.179577052597946     
   6.30899125000000        2.40466333333333      -0.168123308766213     
   6.30899125000000        2.70499625000000      -0.156943330166201     
   6.30899125000000        3.00532916666667      -0.146273397842658     
   6.30899125000000        3.30566208333333      -0.136460130716473     
   6.30899125000000        3.60599500000000      -0.127319587207167     
   6.30899125000000        3.90632791666667      -0.118310145988855     
   6.30899125000000        4.20666083333333      -0.109384340221796     
   6.30899125000000        4.50699375000000      -0.101051713552767     
   6.30899125000000        4.80732666666667      -9.359467540671046E-002
   6.30899125000000        5.10765958333333      -8.694296953770927E-002
   6.30899125000000        5.40799250000000      -8.120781287303411E-002
   6.30899125000000        5.70832541666667      -7.640872416622294E-002
   6.30899125000000        6.00865833333333      -7.231526710572259E-002
   6.30899125000000        6.30899125000000      -6.864016561964770E-002
   6.30899125000000        6.60932416666667      -6.512310029542370E-002
   6.30899125000000        6.90965708333333      -6.165929892749233E-002
   6.30899125000000        7.20999000000000      -5.808521448234805E-002
   6.60932416666667       2.000000000000000E-003 -0.221623552048615     
   6.60932416666667       0.302332916666667      -0.217032349669970     
   6.60932416666667       0.602665833333333      -0.207651471900823     
   6.60932416666667       0.902998750000000      -0.199318273487317     
   6.60932416666667        1.20333166666667      -0.191591694302122     
   6.60932416666667        1.50366458333333      -0.183432906248503     
   6.60932416666667        1.80399750000000      -0.174480180330345     
   6.60932416666667        2.10433041666667      -0.164686236620998     
   6.60932416666667        2.40466333333333      -0.154453719245518     
   6.60932416666667        2.70499625000000      -0.144249177480131     
   6.60932416666667        3.00532916666667      -0.134755841406337     
   6.60932416666667        3.30566208333333      -0.126839389735245     
   6.60932416666667        3.60599500000000      -0.120098247104464     
   6.60932416666667        3.90632791666667      -0.112727649903761     
   6.60932416666667        4.20666083333333      -0.104527342010626     
   6.60932416666667        4.50699375000000      -9.641408424691288E-002
   6.60932416666667        4.80732666666667      -8.921535292293199E-002
   6.60932416666667        5.10765958333333      -8.284382877699463E-002
   6.60932416666667        5.40799250000000      -7.755794427949780E-002
   6.60932416666667        5.70832541666667      -7.336414376534055E-002
   6.60932416666667        6.00865833333333      -6.999395105952706E-002
   6.60932416666667        6.30899125000000      -6.700682062891640E-002
   6.60932416666667        6.60932416666667      -6.390454797456134E-002
   6.60932416666667        6.90965708333333      -6.080424813724522E-002
   6.60932416666667        7.20999000000000      -5.787388345673201E-002
   6.90965708333333       2.000000000000000E-003 -0.199351891062909     
   6.90965708333333       0.302332916666667      -0.190893788941646     
   6.90965708333333       0.602665833333333      -0.178827255786686     
   6.90965708333333       0.902998750000000      -0.174814524178083     
   6.90965708333333        1.20333166666667      -0.170955281287335     
   6.90965708333333        1.50366458333333      -0.165452544234758     
   6.90965708333333        1.80399750000000      -0.158475136708342     
   6.90965708333333        2.10433041666667      -0.150284784827169     
   6.90965708333333        2.40466333333333      -0.141306550971987     
   6.90965708333333        2.70499625000000      -0.132136378971909     
   6.90965708333333        3.00532916666667      -0.123865592527268     
   6.90965708333333        3.30566208333333      -0.118290630971207     
   6.90965708333333        3.60599500000000      -0.114412305652341     
   6.90965708333333        3.90632791666667      -0.107850438722989     
   6.90965708333333        4.20666083333333      -0.100122202373298     
   6.90965708333333        4.50699375000000      -9.209822015895855E-002
   6.90965708333333        4.80732666666667      -8.489274388201691E-002
   6.90965708333333        5.10765958333333      -7.878394321548901E-002
   6.90965708333333        5.40799250000000      -7.389451433711307E-002
   6.90965708333333        5.70832541666667      -7.027427199484898E-002
   6.90965708333333        6.00865833333333      -6.764261362254900E-002
   6.90965708333333        6.30899125000000      -6.551306391865047E-002
   6.90965708333333        6.60932416666667      -6.306380394548211E-002
   6.90965708333333        6.90965708333333      -6.006804647676207E-002
   6.90965708333333        7.20999000000000      -5.782468879235216E-002
   7.20999000000000       2.000000000000000E-003 -0.178204015675389     
   7.20999000000000       0.302332916666667      -0.167238292750456     
   7.20999000000000       0.602665833333333      -0.156096823878892     
   7.20999000000000       0.902998750000000      -0.154575953208329     
   7.20999000000000        1.20333166666667      -0.152800593110597     
   7.20999000000000        1.50366458333333      -0.149058346890299     
   7.20999000000000        1.80399750000000      -0.143653476385692     
   7.20999000000000        2.10433041666667      -0.136994473248192     
   7.20999000000000        2.40466333333333      -0.129510828683816     
   7.20999000000000        2.70499625000000      -0.121839379709216     
   7.20999000000000        3.00532916666667      -0.115301221739725     
   7.20999000000000        3.30566208333333      -0.111938624134696     
   7.20999000000000        3.60599500000000      -0.109502916703311     
   7.20999000000000        3.90632791666667      -0.102738139775610     
   7.20999000000000        4.20666083333333      -9.582283953999783E-002
   7.20999000000000        4.50699375000000      -8.790346412384030E-002
   7.20999000000000        4.80732666666667      -8.073082578931026E-002
   7.20999000000000        5.10765958333333      -7.483485429564246E-002
   7.20999000000000        5.40799250000000      -7.033686848711614E-002
   7.20999000000000        5.70832541666667      -6.718353395938888E-002
   7.20999000000000        6.00865833333333      -6.514903119907278E-002
   7.20999000000000        6.30899125000000      -6.385565441651721E-002
   7.20999000000000        6.60932416666667      -6.262587908534137E-002
   7.20999000000000        6.90965708333333      -6.024890031847148E-002
   7.20999000000000        7.20999000000000      -5.687739343094261E-002
