  2.000000000000000E-003  2.000000000000000E-003 -0.479886006358616     
  2.000000000000000E-003  0.302332916666667      -0.422271362007627     
  2.000000000000000E-003  0.602665833333333      -0.358787159789251     
  2.000000000000000E-003  0.902998750000000      -0.311638462966017     
  2.000000000000000E-003   1.20333166666667      -0.279338792924107     
  2.000000000000000E-003   1.50366458333333      -0.254716954873739     
  2.000000000000000E-003   1.80399750000000      -0.232891063785246     
  2.000000000000000E-003   2.10433041666667      -0.211551610172693     
  2.000000000000000E-003   2.40466333333333      -0.190069182201630     
  2.000000000000000E-003   2.70499625000000      -0.169885114803531     
  2.000000000000000E-003   3.00532916666667      -0.153768421476016     
  2.000000000000000E-003   3.30566208333333      -0.146814132816958     
  2.000000000000000E-003   3.60599500000000      -0.143743368825771     
  2.000000000000000E-003   3.90632791666667      -0.130221468444136     
  2.000000000000000E-003   4.20666083333333      -0.117580418321115     
  2.000000000000000E-003   4.50699375000000      -0.104464181874868     
  2.000000000000000E-003   4.80732666666667      -9.335423286251039E-002
  2.000000000000000E-003   5.10765958333333      -8.457356458667056E-002
  2.000000000000000E-003   5.40799250000000      -7.800843175809007E-002
  2.000000000000000E-003   5.70832541666667      -7.374099002933981E-002
  2.000000000000000E-003   6.00865833333333      -7.132719517410399E-002
  2.000000000000000E-003   6.30899125000000      -6.993339540595053E-002
  2.000000000000000E-003   6.60932416666667      -6.832522983585296E-002
  2.000000000000000E-003   6.90965708333333      -6.524707785252674E-002
  2.000000000000000E-003   7.20999000000000      -6.107043840425218E-002
  0.302332916666667       2.000000000000000E-003 -0.524793801066994     
  0.302332916666667       0.302332916666667      -0.455034295239268     
  0.302332916666667       0.602665833333333      -0.390431173459579     
  0.302332916666667       0.902998750000000      -0.345411688372969     
  0.302332916666667        1.20333166666667      -0.310524687355475     
  0.302332916666667        1.50366458333333      -0.281342289264608     
  0.302332916666667        1.80399750000000      -0.254822732336944     
  0.302332916666667        2.10433041666667      -0.229331958081918     
  0.302332916666667        2.40466333333333      -0.204797953984440     
  0.302332916666667        2.70499625000000      -0.182456537017275     
  0.302332916666667        3.00532916666667      -0.164356305388854     
  0.302332916666667        3.30566208333333      -0.154475085575803     
  0.302332916666667        3.60599500000000      -0.149252194091357     
  0.302332916666667        3.90632791666667      -0.137085455804480     
  0.302332916666667        4.20666083333333      -0.122481216199997     
  0.302332916666667        4.50699375000000      -0.108517673700654     
  0.302332916666667        4.80732666666667      -9.695269257603346E-002
  0.302332916666667        5.10765958333333      -8.767878098644355E-002
  0.302332916666667        5.40799250000000      -8.061574858431708E-002
  0.302332916666667        5.70832541666667      -7.582940307397393E-002
  0.302332916666667        6.00865833333333      -7.275874907582514E-002
  0.302332916666667        6.30899125000000      -7.050009809468098E-002
  0.302332916666667        6.60932416666667      -6.768053744846537E-002
  0.302332916666667        6.90965708333333      -6.373467810627290E-002
  0.302332916666667        7.20999000000000      -6.078366000424590E-002
  0.602665833333333       2.000000000000000E-003 -0.540706502662090     
  0.602665833333333       0.302332916666667      -0.500267295701456     
  0.602665833333333       0.602665833333333      -0.437177522846386     
  0.602665833333333       0.902998750000000      -0.385749275594991     
  0.602665833333333        1.20333166666667      -0.343687537275959     
  0.602665833333333        1.50366458333333      -0.307574344589871     
  0.602665833333333        1.80399750000000      -0.275251748034231     
  0.602665833333333        2.10433041666667      -0.245576992930142     
  0.602665833333333        2.40466333333333      -0.218858815432696     
  0.602665833333333        2.70499625000000      -0.195706457478096     
  0.602665833333333        3.00532916666667      -0.176748826892034     
  0.602665833333333        3.30566208333333      -0.163527361976639     
  0.602665833333333        3.60599500000000      -0.153529400958210     
  0.602665833333333        3.90632791666667      -0.140970135520557     
  0.602665833333333        4.20666083333333      -0.126058972223047     
  0.602665833333333        4.50699375000000      -0.111924309914617     
  0.602665833333333        4.80732666666667      -0.100279560225039     
  0.602665833333333        5.10765958333333      -9.067994372966820E-002
  0.602665833333333        5.40799250000000      -8.323283702674962E-002
  0.602665833333333        5.70832541666667      -7.784908618591246E-002
  0.602665833333333        6.00865833333333      -7.394396384521741E-002
  0.602665833333333        6.30899125000000      -7.066569109826407E-002
  0.602665833333333        6.60932416666667      -6.702407716558040E-002
  0.602665833333333        6.90965708333333      -6.291961998425788E-002
  0.602665833333333        7.20999000000000      -5.947596417659153E-002
  0.902998750000000       2.000000000000000E-003 -0.560003743980626     
  0.902998750000000       0.302332916666667      -0.534508992844162     
  0.902998750000000       0.602665833333333      -0.480247807900205     
  0.902998750000000       0.902998750000000      -0.424105096690329     
  0.902998750000000        1.20333166666667      -0.374158239302492     
  0.902998750000000        1.50366458333333      -0.330578052860908     
  0.902998750000000        1.80399750000000      -0.292350466051550     
  0.902998750000000        2.10433041666667      -0.258780599009495     
  0.902998750000000        2.40466333333333      -0.230424375212986     
  0.902998750000000        2.70499625000000      -0.206505276762046     
  0.902998750000000        3.00532916666667      -0.186494585791556     
  0.902998750000000        3.30566208333333      -0.170326570916778     
  0.902998750000000        3.60599500000000      -0.156432645190647     
  0.902998750000000        3.90632791666667      -0.142360728940973     
  0.902998750000000        4.20666083333333      -0.127802366851829     
  0.902998750000000        4.50699375000000      -0.114296638404605     
  0.902998750000000        4.80732666666667      -0.102907123314158     
  0.902998750000000        5.10765958333333      -9.342023975543297E-002
  0.902998750000000        5.40799250000000      -8.569678879893373E-002
  0.902998750000000        5.70832541666667      -7.978130107702844E-002
  0.902998750000000        6.00865833333333      -7.510976781790470E-002
  0.902998750000000        6.30899125000000      -7.103198351951123E-002
  0.902998750000000        6.60932416666667      -6.697616796676366E-002
  0.902998750000000        6.90965708333333      -6.281181583188035E-002
  0.902998750000000        7.20999000000000      -5.882980425841299E-002
   1.20333166666667       2.000000000000000E-003 -0.572095545002904     
   1.20333166666667       0.302332916666667      -0.553549505268471     
   1.20333166666667       0.602665833333333      -0.507425357179303     
   1.20333166666667       0.902998750000000      -0.451604854499025     
   1.20333166666667        1.20333166666667      -0.396986191640681     
   1.20333166666667        1.50366458333333      -0.347652877423236     
   1.20333166666667        1.80399750000000      -0.304557454930626     
   1.20333166666667        2.10433041666667      -0.268303540576691     
   1.20333166666667        2.40466333333333      -0.238537519724532     
   1.20333166666667        2.70499625000000      -0.213545513246563     
   1.20333166666667        3.00532916666667      -0.192358045925788     
   1.20333166666667        3.30566208333333      -0.174255329597321     
   1.20333166666667        3.60599500000000      -0.158176453668376     
   1.20333166666667        3.90632791666667      -0.143069613246711     
   1.20333166666667        4.20666083333333      -0.128792468125654     
   1.20333166666667        4.50699375000000      -0.115976309710297     
   1.20333166666667        4.80732666666667      -0.104969170541182     
   1.20333166666667        5.10765958333333      -9.569716210627965E-002
   1.20333166666667        5.40799250000000      -8.792725844818795E-002
   1.20333166666667        5.70832541666667      -8.157359632422381E-002
   1.20333166666667        6.00865833333333      -7.625671838723647E-002
   1.20333166666667        6.30899125000000      -7.151523444422228E-002
   1.20333166666667        6.60932416666667      -6.700964670481481E-002
   1.20333166666667        6.90965708333333      -6.261177966365968E-002
   1.20333166666667        7.20999000000000      -5.838639272504688E-002
   1.50366458333333       2.000000000000000E-003 -0.573844244846873     
   1.50366458333333       0.302332916666667      -0.558638210816463     
   1.50366458333333       0.602665833333333      -0.518464846570133     
   1.50366458333333       0.902998750000000      -0.465205420357604     
   1.50366458333333        1.20333166666667      -0.409207533312434     
   1.50366458333333        1.50366458333333      -0.356617556424667     
   1.50366458333333        1.80399750000000      -0.310893467182018     
   1.50366458333333        2.10433041666667      -0.273578814333420     
   1.50366458333333        2.40466333333333      -0.242771735391512     
   1.50366458333333        2.70499625000000      -0.216953000034158     
   1.50366458333333        3.00532916666667      -0.195009027810085     
   1.50366458333333        3.30566208333333      -0.175990288132568     
   1.50366458333333        3.60599500000000      -0.159063965595076     
   1.50366458333333        3.90632791666667      -0.143670702713313     
   1.50366458333333        4.20666083333333      -0.129698311148234     
   1.50366458333333        4.50699375000000      -0.117318845419110     
   1.50366458333333        4.80732666666667      -0.106640727070707     
   1.50366458333333        5.10765958333333      -9.755689872715763E-002
   1.50366458333333        5.40799250000000      -8.981454725634694E-002
   1.50366458333333        5.70832541666667      -8.315080395155176E-002
   1.50366458333333        6.00865833333333      -7.731367054102546E-002
   1.50366458333333        6.30899125000000      -7.201909129236571E-002
   1.50366458333333        6.60932416666667      -6.708186298785485E-002
   1.50366458333333        6.90965708333333      -6.243046288791915E-002
   1.50366458333333        7.20999000000000      -5.807878634764012E-002
   1.80399750000000       2.000000000000000E-003 -0.564731873961591     
   1.80399750000000       0.302332916666667      -0.551541150875692     
   1.80399750000000       0.602665833333333      -0.514755452530834     
   1.80399750000000       0.902998750000000      -0.464232191399895     
   1.80399750000000        1.20333166666667      -0.408804645288464     
   1.80399750000000        1.50366458333333      -0.356268285520651     
   1.80399750000000        1.80399750000000      -0.311626439798111     
   1.80399750000000        2.10433041666667      -0.274191784799715     
   1.80399750000000        2.40466333333333      -0.242944421003919     
   1.80399750000000        2.70499625000000      -0.216883560832906     
   1.80399750000000        3.00532916666667      -0.194912273890831     
   1.80399750000000        3.30566208333333      -0.175943354776715     
   1.80399750000000        3.60599500000000      -0.159110958198298     
   1.80399750000000        3.90632791666667      -0.143933561757104     
   1.80399750000000        4.20666083333333      -0.130306667029749     
   1.80399750000000        4.50699375000000      -0.118304541291193     
   1.80399750000000        4.80732666666667      -0.107935161422973     
   1.80399750000000        5.10765958333333      -9.902765045310906E-002
   1.80399750000000        5.40799250000000      -9.128809204326505E-002
   1.80399750000000        5.70832541666667      -8.442194529931438E-002
   1.80399750000000        6.00865833333333      -7.820321360087686E-002
   1.80399750000000        6.30899125000000      -7.248056163133426E-002
   1.80399750000000        6.60932416666667      -6.719502962863905E-002
   1.80399750000000        6.90965708333333      -6.233366064434605E-002
   1.80399750000000        7.20999000000000      -5.790445354848150E-002
   2.10433041666667       2.000000000000000E-003 -0.546663654639399     
   2.10433041666667       0.302332916666667      -0.532968736912472     
   2.10433041666667       0.602665833333333      -0.497508584113843     
   2.10433041666667       0.902998750000000      -0.448321847526208     
   2.10433041666667        1.20333166666667      -0.397252314136695     
   2.10433041666667        1.50366458333333      -0.349424553391017     
   2.10433041666667        1.80399750000000      -0.306772858169957     
   2.10433041666667        2.10433041666667      -0.270003128498434     
   2.10433041666667        2.40466333333333      -0.239146881944384     
   2.10433041666667        2.70499625000000      -0.213618911138643     
   2.10433041666667        3.00532916666667      -0.192349963832980     
   2.10433041666667        3.30566208333333      -0.174127309892233     
   2.10433041666667        3.60599500000000      -0.157983123014441     
   2.10433041666667        3.90632791666667      -0.143412231699054     
   2.10433041666667        4.20666083333333      -0.130319770225050     
   2.10433041666667        4.50699375000000      -0.118774770031149     
   2.10433041666667        4.80732666666667      -0.108756356749102     
   2.10433041666667        5.10765958333333      -0.100053324069275     
   2.10433041666667        5.40799250000000      -9.234132313237520E-002
   2.10433041666667        5.70832541666667      -8.532956949196191E-002
   2.10433041666667        6.00865833333333      -7.884962555631071E-002
   2.10433041666667        6.30899125000000      -7.284299917523321E-002
   2.10433041666667        6.60932416666667      -6.731029384782711E-002
   2.10433041666667        6.90965708333333      -6.231107319379427E-002
   2.10433041666667        7.20999000000000      -5.784386767615474E-002
   2.40466333333333       2.000000000000000E-003 -0.528829198293061     
   2.40466333333333       0.302332916666667      -0.513888743391204     
   2.40466333333333       0.602665833333333      -0.475708738330265     
   2.40466333333333       0.902998750000000      -0.429080092598852     
   2.40466333333333        1.20333166666667      -0.381795498235087     
   2.40466333333333        1.50366458333333      -0.337038285089025     
   2.40466333333333        1.80399750000000      -0.296517354303992     
   2.40466333333333        2.10433041666667      -0.261320478064412     
   2.40466333333333        2.40466333333333      -0.231851824797519     
   2.40466333333333        2.70499625000000      -0.207695142989664     
   2.40466333333333        3.00532916666667      -0.187770084807395     
   2.40466333333333        3.30566208333333      -0.170777130997147     
   2.40466333333333        3.60599500000000      -0.155682250794161     
   2.40466333333333        3.90632791666667      -0.141971637486617     
   2.40466333333333        4.20666083333333      -0.129576957189289     
   2.40466333333333        4.50699375000000      -0.118590014153082     
   2.40466333333333        4.80732666666667      -0.108987355491109     
   2.40466333333333        5.10765958333333      -0.100537442778869     
   2.40466333333333        5.40799250000000      -9.290395405167320E-002
   2.40466333333333        5.70832541666667      -8.581683865572791E-002
   2.40466333333333        6.00865833333333      -7.916745510017587E-002
   2.40466333333333        6.30899125000000      -7.297846160194868E-002
   2.40466333333333        6.60932416666667      -6.731479878051062E-002
   2.40466333333333        6.90965708333333      -6.224597626785992E-002
   2.40466333333333        7.20999000000000      -5.784507217878938E-002
   2.70499625000000       2.000000000000000E-003 -0.515237942687841     
   2.70499625000000       0.302332916666667      -0.500173661349518     
   2.70499625000000       0.602665833333333      -0.460843321587365     
   2.70499625000000       0.902998750000000      -0.410383694168805     
   2.70499625000000        1.20333166666667      -0.362319739999137     
   2.70499625000000        1.50366458333333      -0.319560303410094     
   2.70499625000000        1.80399750000000      -0.281646444196320     
   2.70499625000000        2.10433041666667      -0.249016357312755     
   2.70499625000000        2.40466333333333      -0.221905111183324     
   2.70499625000000        2.70499625000000      -0.199843812913937     
   2.70499625000000        3.00532916666667      -0.181721200301215     
   2.70499625000000        3.30566208333333      -0.166227224082927     
   2.70499625000000        3.60599500000000      -0.152349227236677     
   2.70499625000000        3.90632791666667      -0.139620884611359     
   2.70499625000000        4.20666083333333      -0.128023288001868     
   2.70499625000000        4.50699375000000      -0.117674179429852     
   2.70499625000000        4.80732666666667      -0.108547988732586     
   2.70499625000000        5.10765958333333      -0.100402118366272     
   2.70499625000000        5.40799250000000      -9.290542900537779E-002
   2.70499625000000        5.70832541666667      -8.582165483293037E-002
   2.70499625000000        6.00865833333333      -7.909567712710998E-002
   2.70499625000000        6.30899125000000      -7.279008989937558E-002
   2.70499625000000        6.60932416666667      -6.701002394736909E-002
   2.70499625000000        6.90965708333333      -6.201843711754703E-002
   2.70499625000000        7.20999000000000      -5.789079271191604E-002
   3.00532916666667       2.000000000000000E-003 -0.490758358883194     
   3.00532916666667       0.302332916666667      -0.475362725920220     
   3.00532916666667       0.602665833333333      -0.435757324132426     
   3.00532916666667       0.902998750000000      -0.386325512075913     
   3.00532916666667        1.20333166666667      -0.338668761433061     
   3.00532916666667        1.50366458333333      -0.298189749837470     
   3.00532916666667        1.80399750000000      -0.263606959976302     
   3.00532916666667        2.10433041666667      -0.234383774955626     
   3.00532916666667        2.40466333333333      -0.210326838113510     
   3.00532916666667        2.70499625000000      -0.190804411871585     
   3.00532916666667        3.00532916666667      -0.174696691313882     
   3.00532916666667        3.30566208333333      -0.160774905629746     
   3.00532916666667        3.60599500000000      -0.148139448246016     
   3.00532916666667        3.90632791666667      -0.136424453726275     
   3.00532916666667        4.20666083333333      -0.125672097606358     
   3.00532916666667        4.50699375000000      -0.116014149012109     
   3.00532916666667        4.80732666666667      -0.107411232795909     
   3.00532916666667        5.10765958333333      -9.961366618796497E-002
   3.00532916666667        5.40799250000000      -9.231132872456205E-002
   3.00532916666667        5.70832541666667      -8.531446963749104E-002
   3.00532916666667        6.00865833333333      -7.861862292121026E-002
   3.00532916666667        6.30899125000000      -7.228929287989226E-002
   3.00532916666667        6.60932416666667      -6.650844282994496E-002
   3.00532916666667        6.90965708333333      -6.175203997242346E-002
   3.00532916666667        7.20999000000000      -5.811347047220142E-002
   3.30566208333333       2.000000000000000E-003 -0.454963712050620     
   3.30566208333333       0.302332916666667      -0.441187258386229     
   3.30566208333333       0.602665833333333      -0.403714640547630     
   3.30566208333333       0.902998750000000      -0.356481412127569     
   3.30566208333333        1.20333166666667      -0.311843498768466     
   3.30566208333333        1.50366458333333      -0.274692486587670     
   3.30566208333333        1.80399750000000      -0.244080019909449     
   3.30566208333333        2.10433041666667      -0.218728976499809     
   3.30566208333333        2.40466333333333      -0.198010052448997     
   3.30566208333333        2.70499625000000      -0.181134972536458     
   3.30566208333333        3.00532916666667      -0.167029020718901     
   3.30566208333333        3.30566208333333      -0.154619613083329     
   3.30566208333333        3.60599500000000      -0.143180666818783     
   3.30566208333333        3.90632791666667      -0.132470691218448     
   3.30566208333333        4.20666083333333      -0.122584127086488     
   3.30566208333333        4.50699375000000      -0.113646528625984     
   3.30566208333333        4.80732666666667      -0.105594097920635     
   3.30566208333333        5.10765958333333      -9.817608170528642E-002
   3.30566208333333        5.40799250000000      -9.111844197466239E-002
   3.30566208333333        5.70832541666667      -8.428925429956453E-002
   3.30566208333333        6.00865833333333      -7.773568203118322E-002
   3.30566208333333        6.30899125000000      -7.148724931462884E-002
   3.30566208333333        6.60932416666667      -6.581995808486824E-002
   3.30566208333333        6.90965708333333      -6.147927929720212E-002
   3.30566208333333        7.20999000000000      -5.837375933307448E-002
   3.60599500000000       2.000000000000000E-003 -0.409875748115285     
   3.60599500000000       0.302332916666667      -0.400546377016054     
   3.60599500000000       0.602665833333333      -0.367526956196653     
   3.60599500000000       0.902998750000000      -0.324146425320711     
   3.60599500000000        1.20333166666667      -0.283629294939137     
   3.60599500000000        1.50366458333333      -0.250632184086702     
   3.60599500000000        1.80399750000000      -0.224360522126519     
   3.60599500000000        2.10433041666667      -0.202963768182412     
   3.60599500000000        2.40466333333333      -0.185514575789564     
   3.60599500000000        2.70499625000000      -0.171152175478575     
   3.60599500000000        3.00532916666667      -0.158906436815958     
   3.60599500000000        3.30566208333333      -0.147901130779401     
   3.60599500000000        3.60599500000000      -0.137601320695178     
   3.60599500000000        3.90632791666667      -0.127881755600691     
   3.60599500000000        4.20666083333333      -0.118864424909637     
   3.60599500000000        4.50699375000000      -0.110648916971252     
   3.60599500000000        4.80732666666667      -0.103146161253624     
   3.60599500000000        5.10765958333333      -9.611784136981470E-002
   3.60599500000000        5.40799250000000      -8.934092903201386E-002
   3.60599500000000        5.70832541666667      -8.274686099985305E-002
   3.60599500000000        6.00865833333333      -7.642617160749360E-002
   3.60599500000000        6.30899125000000      -7.041270908740030E-002
   3.60599500000000        6.60932416666667      -6.504587761444404E-002
   3.60599500000000        6.90965708333333      -6.121961399908236E-002
   3.60599500000000        7.20999000000000      -5.845480947332277E-002
   3.90632791666667       2.000000000000000E-003 -0.357951595909927     
   3.90632791666667       0.302332916666667      -0.350581545158295     
   3.90632791666667       0.602665833333333      -0.324187608864689     
   3.90632791666667       0.902998750000000      -0.288395034961017     
   3.90632791666667        1.20333166666667      -0.254324941631484     
   3.90632791666667        1.50366458333333      -0.226714560081635     
   3.90632791666667        1.80399750000000      -0.205050906150235     
   3.90632791666667        2.10433041666667      -0.187488820629613     
   3.90632791666667        2.40466333333333      -0.173084494103062     
   3.90632791666667        2.70499625000000      -0.161022764819844     
   3.90632791666667        3.00532916666667      -0.150482719011419     
   3.90632791666667        3.30566208333333      -0.140790642339032     
   3.90632791666667        3.60599500000000      -0.131586981713420     
   3.90632791666667        3.90632791666667      -0.122835859866289     
   3.90632791666667        4.20666083333333      -0.114661422784682     
   3.90632791666667        4.50699375000000      -0.107129861907383     
   3.90632791666667        4.80732666666667      -0.100140189171404     
   3.90632791666667        5.10765958333333      -9.348752587318788E-002
   3.90632791666667        5.40799250000000      -8.701239984714848E-002
   3.90632791666667        5.70832541666667      -8.070594154101556E-002
   3.90632791666667        6.00865833333333      -7.469110816021714E-002
   3.90632791666667        6.30899125000000      -6.905489520567101E-002
   3.90632791666667        6.60932416666667      -6.410494056710526E-002
   3.90632791666667        6.90965708333333      -6.038989798750632E-002
   3.90632791666667        7.20999000000000      -5.740696680185586E-002
   4.20666083333333       2.000000000000000E-003 -0.297720804636681     
   4.20666083333333       0.302332916666667      -0.291781174226597     
   4.20666083333333       0.602665833333333      -0.273946108012989     
   4.20666083333333       0.902998750000000      -0.249177552987209     
   4.20666083333333        1.20333166666667      -0.224090299768827     
   4.20666083333333        1.50366458333333      -0.203244653170089     
   4.20666083333333        1.80399750000000      -0.186331919769720     
   4.20666083333333        2.10433041666667      -0.172428759468632     
   4.20666083333333        2.40466333333333      -0.160848245954426     
   4.20666083333333        2.70499625000000      -0.150914455501494     
   4.20666083333333        3.00532916666667      -0.141973749065735     
   4.20666083333333        3.30566208333333      -0.133536568361694     
   4.20666083333333        3.60599500000000      -0.125386236502523     
   4.20666083333333        3.90632791666667      -0.117548369172701     
   4.20666083333333        4.20666083333333      -0.110139623905013     
   4.20666083333333        4.50699375000000      -0.103206022442011     
   4.20666083333333        4.80732666666667      -9.666186585263944E-002
   4.20666083333333        5.10765958333333      -9.035749198666196E-002
   4.20666083333333        5.40799250000000      -8.420102392079423E-002
   4.20666083333333        5.70832541666667      -7.822886423030483E-002
   4.20666083333333        6.00865833333333      -7.257378654808051E-002
   4.20666083333333        6.30899125000000      -6.735739459195809E-002
   4.20666083333333        6.60932416666667      -6.278226913652757E-002
   4.20666083333333        6.90965708333333      -5.911014370234612E-002
   4.20666083333333        7.20999000000000      -5.604643082902677E-002
   4.50699375000000       2.000000000000000E-003 -0.238710765268033     
   4.50699375000000       0.302332916666667      -0.235396219956853     
   4.50699375000000       0.602665833333333      -0.225649409629073     
   4.50699375000000       0.902998750000000      -0.211164001754085     
   4.50699375000000        1.20333166666667      -0.195296450998812     
   4.50699375000000        1.50366458333333      -0.180854908206849     
   4.50699375000000        1.80399750000000      -0.168459426765486     
   4.50699375000000        2.10433041666667      -0.157980812749887     
   4.50699375000000        2.40466333333333      -0.149026099451097     
   4.50699375000000        2.70499625000000      -0.141081903638286     
   4.50699375000000        3.00532916666667      -0.133652766252323     
   4.50699375000000        3.30566208333333      -0.126403413614922     
   4.50699375000000        3.60599500000000      -0.119227179340881     
   4.50699375000000        3.90632791666667      -0.112194785178680     
   4.50699375000000        4.20666083333333      -0.105425468539196     
   4.50699375000000        4.50699375000000      -9.897445358594228E-002
   4.50699375000000        4.80732666666667      -9.280152280909605E-002
   4.50699375000000        5.10765958333333      -8.682656510479952E-002
   4.50699375000000        5.40799250000000      -8.101676661529528E-002
   4.50699375000000        5.70832541666667      -7.542907222175652E-002
   4.50699375000000        6.00865833333333      -7.017789751686854E-002
   4.50699375000000        6.30899125000000      -6.536135237938343E-002
   4.50699375000000        6.60932416666667      -6.105784892267099E-002
   4.50699375000000        6.90965708333333      -5.736261466817031E-002
   4.50699375000000        7.20999000000000      -5.409050051867510E-002
   4.80732666666667       2.000000000000000E-003 -0.192675857402212     
   4.80732666666667       0.302332916666667      -0.191359269108979     
   4.80732666666667       0.602665833333333      -0.186920550605773     
   4.80732666666667       0.902998750000000      -0.179115839885750     
   4.80732666666667        1.20333166666667      -0.169731923970201     
   4.80732666666667        1.50366458333333      -0.160418704747815     
   4.80732666666667        1.80399750000000      -0.151973173757597     
   4.80732666666667        2.10433041666667      -0.144558119014384     
   4.80732666666667        2.40466333333333      -0.137962773722952     
   4.80732666666667        2.70499625000000      -0.131811258639353     
   4.80732666666667        3.00532916666667      -0.125744939677716     
   4.80732666666667        3.30566208333333      -0.119553252401889     
   4.80732666666667        3.60599500000000      -0.113214176894279     
   4.80732666666667        3.90632791666667      -0.106838409397479     
   4.80732666666667        4.20666083333333      -0.100567277486362     
   4.80732666666667        4.50699375000000      -9.449440594371587E-002
   4.80732666666667        4.80732666666667      -8.864499172715495E-002
   4.80732666666667        5.10765958333333      -8.300904545498676E-002
   4.80732666666667        5.40799250000000      -7.759375442587307E-002
   4.80732666666667        5.70832541666667      -7.244689492720181E-002
   4.80732666666667        6.00865833333333      -6.763546993334987E-002
   4.80732666666667        6.30899125000000      -6.320575147538443E-002
   4.80732666666667        6.60932416666667      -5.916544939620458E-002
   4.80732666666667        6.90965708333333      -5.549670234893449E-002
   4.80732666666667        7.20999000000000      -5.213556118343145E-002
   5.10765958333333       2.000000000000000E-003 -0.159007221293687     
   5.10765958333333       0.302332916666667      -0.158422386712978     
   5.10765958333333       0.602665833333333      -0.156314462907613     
   5.10765958333333       0.902998750000000      -0.152855616815554     
   5.10765958333333        1.20333166666667      -0.148076970517497     
   5.10765958333333        1.50366458333333      -0.142749884776307     
   5.10765958333333        1.80399750000000      -0.137518822717011     
   5.10765958333333        2.10433041666667      -0.132621646784451     
   5.10765958333333        2.40466333333333      -0.127956403431412     
   5.10765958333333        2.70499625000000      -0.123263989075818     
   5.10765958333333        3.00532916666667      -0.118305258127885     
   5.10765958333333        3.30566208333333      -0.112969955233680     
   5.10765958333333        3.60599500000000      -0.107298379792563     
   5.10765958333333        3.90632791666667      -0.101434373940640     
   5.10765958333333        4.20666083333333      -9.555246022374624E-002
   5.10765958333333        4.50699375000000      -8.979997553135544E-002
   5.10765958333333        4.80732666666667      -8.427150720675583E-002
   5.10765958333333        5.10765958333333      -7.901497097283403E-002
   5.10765958333333        5.40799250000000      -7.405384554188499E-002
   5.10765958333333        5.70832541666667      -6.940176266351475E-002
   5.10765958333333        6.00865833333333      -6.506008362719637E-002
   5.10765958333333        6.30899125000000      -6.101128442357039E-002
   5.10765958333333        6.60932416666667      -5.722797179349014E-002
   5.10765958333333        6.90965708333333      -5.370455432598264E-002
   5.10765958333333        7.20999000000000      -5.041217621696071E-002
   5.40799250000000       2.000000000000000E-003 -0.134244269249324     
   5.40799250000000       0.302332916666667      -0.134067733379101     
   5.40799250000000       0.602665833333333      -0.133547346826573     
   5.40799250000000       0.902998750000000      -0.132405224344756     
   5.40799250000000        1.20333166666667      -0.130694633213746     
   5.40799250000000        1.50366458333333      -0.128365577013835     
   5.40799250000000        1.80399750000000      -0.125482288119284     
   5.40799250000000        2.10433041666667      -0.122369072549058     
   5.40799250000000        2.40466333333333      -0.119041694422751     
   5.40799250000000        2.70499625000000      -0.115357515137491     
   5.40799250000000        3.00532916666667      -0.111186171789326     
   5.40799250000000        3.30566208333333      -0.106493810771616     
   5.40799250000000        3.60599500000000      -0.101352483697896     
   5.40799250000000        3.90632791666667      -9.591460978778574E-002
   5.40799250000000        4.20666083333333      -9.037838011262336E-002
   5.40799250000000        4.50699375000000      -8.494384169327407E-002
   5.40799250000000        4.80732666666667      -7.976773826460212E-002
   5.40799250000000        5.10765958333333      -7.493815603637813E-002
   5.40799250000000        5.40799250000000      -7.047569178157534E-002
   5.40799250000000        5.70832541666667      -6.634964681074880E-002
   5.40799250000000        6.00865833333333      -6.249528414940877E-002
   5.40799250000000        6.30899125000000      -5.884472938658478E-002
   5.40799250000000        6.60932416666667      -5.536996470981721E-002
   5.40799250000000        6.90965708333333      -5.206396585727435E-002
   5.40799250000000        7.20999000000000      -4.893931411002362E-002
   5.70832541666667       2.000000000000000E-003 -0.117585332046210     
   5.70832541666667       0.302332916666667      -0.117838311789620     
   5.70832541666667       0.602665833333333      -0.118291007325985     
   5.70832541666667       0.902998750000000      -0.118454886283026     
   5.70832541666667        1.20333166666667      -0.118138405166644     
   5.70832541666667        1.50366458333333      -0.117279792890466     
   5.70832541666667        1.80399750000000      -0.115716260040615     
   5.70832541666667        2.10433041666667      -0.113558142984573     
   5.70832541666667        2.40466333333333      -0.110932596759274     
   5.70832541666667        2.70499625000000      -0.107804797938914     
   5.70832541666667        3.00532916666667      -0.104141036547640     
   5.70832541666667        3.30566208333333      -9.995963236189687E-002
   5.70832541666667        3.60599500000000      -9.531514493846655E-002
   5.70832541666667        3.90632791666667      -9.030853577529173E-002
   5.70832541666667        4.20666083333333      -8.513264107496113E-002
   5.70832541666667        4.50699375000000      -8.003998012902754E-002
   5.70832541666667        4.80732666666667      -7.524353650075066E-002
   5.70832541666667        5.10765958333333      -7.085581382462107E-002
   5.70832541666667        5.40799250000000      -6.688600322410518E-002
   5.70832541666667        5.70832541666667      -6.327285728923367E-002
   5.70832541666667        6.00865833333333      -5.991890633575710E-002
   5.70832541666667        6.30899125000000      -5.671777862142749E-002
   5.70832541666667        6.60932416666667      -5.360191394478400E-002
   5.70832541666667        6.90965708333333      -5.056045339140829E-002
   5.70832541666667        7.20999000000000      -4.762773383713183E-002
   6.00865833333333       2.000000000000000E-003 -0.107531945845877     
   6.00865833333333       0.302332916666667      -0.108007934792898     
   6.00865833333333       0.602665833333333      -0.108830776005664     
   6.00865833333333       0.902998750000000      -0.109255664102190     
   6.00865833333333        1.20333166666667      -0.109207415448155     
   6.00865833333333        1.50366458333333      -0.108701721426876     
   6.00865833333333        1.80399750000000      -0.107543911310876     
   6.00865833333333        2.10433041666667      -0.105620956689902     
   6.00865833333333        2.40466333333333      -0.103192431148742     
   6.00865833333333        2.70499625000000      -0.100294276875361     
   6.00865833333333        3.00532916666667      -9.697945290413409E-002
   6.00865833333333        3.30566208333333      -9.332810174117546E-002
   6.00865833333333        3.60599500000000      -8.931115009996823E-002
   6.00865833333333        3.90632791666667      -8.482966121210007E-002
   6.00865833333333        4.20666083333333      -8.002134232725559E-002
   6.00865833333333        4.50699375000000      -7.525974015911151E-002
   6.00865833333333        4.80732666666667      -7.082408864427978E-002
   6.00865833333333        5.10765958333333      -6.682902853199964E-002
   6.00865833333333        5.40799250000000      -6.327269298243311E-002
   6.00865833333333        5.70832541666667      -6.014950502166373E-002
   6.00865833333333        6.00865833333333      -5.732028612437202E-002
   6.00865833333333        6.30899125000000      -5.459740009502289E-002
   6.00865833333333        6.60932416666667      -5.185106355744137E-002
   6.00865833333333        6.90965708333333      -4.907098685029922E-002
   6.00865833333333        7.20999000000000      -4.633700333431222E-002
   6.30899125000000       2.000000000000000E-003 -0.101890741933576     
   6.30899125000000       0.302332916666667      -0.102331163563855     
   6.30899125000000       0.602665833333333      -0.102557932047637     
   6.30899125000000       0.902998750000000      -0.102235074121550     
   6.30899125000000        1.20333166666667      -0.101791325184011     
   6.30899125000000        1.50366458333333      -0.101145862636212     
   6.30899125000000        1.80399750000000      -9.995836890418694E-002
   6.30899125000000        2.10433041666667      -9.799281443184639E-002
   6.30899125000000        2.40466333333333      -9.551062876740522E-002
   6.30899125000000        2.70499625000000      -9.265828292932285E-002
   6.30899125000000        3.00532916666667      -8.958339750596316E-002
   6.30899125000000        3.30566208333333      -8.656919847359067E-002
   6.30899125000000        3.60599500000000      -8.344399984568526E-002
   6.30899125000000        3.90632791666667      -7.967935235997411E-002
   6.30899125000000        4.20666083333333      -7.525856877496832E-002
   6.30899125000000        4.50699375000000      -7.074592724163671E-002
   6.30899125000000        4.80732666666667      -6.660768859362320E-002
   6.30899125000000        5.10765958333333      -6.289792933988740E-002
   6.30899125000000        5.40799250000000      -5.967826231358207E-002
   6.30899125000000        5.70832541666667      -5.702670006263404E-002
   6.30899125000000        6.00865833333333      -5.472379108879478E-002
   6.30899125000000        6.30899125000000      -5.247363573550719E-002
   6.30899125000000        6.60932416666667      -5.002285651276298E-002
   6.30899125000000        6.90965708333333      -4.740302481911682E-002
   6.30899125000000        7.20999000000000      -4.488375711297080E-002
   6.60932416666667       2.000000000000000E-003 -9.751980049294898E-002
   6.60932416666667       0.302332916666667      -9.717227910344370E-002
   6.60932416666667       0.602665833333333      -9.517731105507782E-002
   6.60932416666667       0.902998750000000      -9.415398004409420E-002
   6.60932416666667        1.20333166666667      -9.392363240262541E-002
   6.60932416666667        1.50366458333333      -9.348752154020923E-002
   6.60932416666667        1.80399750000000      -9.236978372080053E-002
   6.60932416666667        2.10433041666667      -9.043459579846487E-002
   6.60932416666667        2.40466333333333      -8.790134339983362E-002
   6.60932416666667        2.70499625000000      -8.496155814272734E-002
   6.60932416666667        3.00532916666667      -8.202605372199287E-002
   6.60932416666667        3.30566208333333      -7.984051889430553E-002
   6.60932416666667        3.60599500000000      -7.803972714160969E-002
   6.60932416666667        3.90632791666667      -7.509896098280182E-002
   6.60932416666667        4.20666083333333      -7.097257330455976E-002
   6.60932416666667        4.50699375000000      -6.656601935761430E-002
   6.60932416666667        4.80732666666667      -6.262294032378708E-002
   6.60932416666667        5.10765958333333      -5.909408783930523E-002
   6.60932416666667        5.40799250000000      -5.619079955428575E-002
   6.60932416666667        5.70832541666667      -5.396745701188791E-002
   6.60932416666667        6.00865833333333      -5.218893864391278E-002
   6.60932416666667        6.30899125000000      -5.043253305351304E-002
   6.60932416666667        6.60932416666667      -4.817129317887604E-002
   6.60932416666667        6.90965708333333      -4.546994747340172E-002
   6.60932416666667        7.20999000000000      -4.324336216640594E-002
   6.90965708333333       2.000000000000000E-003 -9.079705084603142E-002
   6.90965708333333       0.302332916666667      -8.779571752024841E-002
   6.90965708333333       0.602665833333333      -8.214666114476366E-002
   6.90965708333333       0.902998750000000      -8.334776447280091E-002
   6.90965708333333        1.20333166666667      -8.509916246437571E-002
   6.90965708333333        1.50366458333333      -8.559806961678082E-002
   6.90965708333333        1.80399750000000      -8.487675045936978E-002
   6.90965708333333        2.10433041666667      -8.314708028551239E-002
   6.90965708333333        2.40466333333333      -8.072472794336678E-002
   6.90965708333333        2.70499625000000      -7.777730409998439E-002
   6.90965708333333        3.00532916666667      -7.505046613886530E-002
   6.90965708333333        3.30566208333333      -7.401412022625185E-002
   6.90965708333333        3.60599500000000      -7.388504389365129E-002
   6.90965708333333        3.90632791666667      -7.116353142392701E-002
   6.90965708333333        4.20666083333333      -6.719212751475537E-002
   6.90965708333333        4.50699375000000      -6.280771459974521E-002
   6.90965708333333        4.80732666666667      -5.886878474650640E-002
   6.90965708333333        5.10765958333333      -5.551434589328453E-002
   6.90965708333333        5.40799250000000      -5.285975392994098E-002
   6.90965708333333        5.70832541666667      -5.100814267276289E-002
   6.90965708333333        6.00865833333333      -4.974067117705608E-002
   6.90965708333333        6.30899125000000      -4.861926280957492E-002
   6.90965708333333        6.60932416666667      -4.688205035739001E-002
   6.90965708333333        6.90965708333333      -4.422948687088094E-002
   6.90965708333333        7.20999000000000      -4.230187059776983E-002
   7.20999000000000       2.000000000000000E-003 -8.479511892633840E-002
   7.20999000000000       0.302332916666667      -7.690415404306963E-002
   7.20999000000000       0.602665833333333      -7.128492857006187E-002
   7.20999000000000       0.902998750000000      -7.435299212663603E-002
   7.20999000000000        1.20333166666667      -7.718540473663929E-002
   7.20999000000000        1.50366458333333      -7.828671149916384E-002
   7.20999000000000        1.80399750000000      -7.795627082591204E-002
   7.20999000000000        2.10433041666667      -7.656827141669109E-002
   7.20999000000000        2.40466333333333      -7.447819158225288E-002
   7.20999000000000        2.70499625000000      -7.194433304999509E-002
   7.20999000000000        3.00532916666667      -6.987465531457160E-002
   7.20999000000000        3.30566208333333      -6.990550471816462E-002
   7.20999000000000        3.60599500000000      -7.033140861831637E-002
   7.20999000000000        3.90632791666667      -6.723126597147154E-002
   7.20999000000000        4.20666083333333      -6.373987896884453E-002
   7.20999000000000        4.50699375000000      -5.936424916128442E-002
   7.20999000000000        4.80732666666667      -5.540021747793818E-002
   7.20999000000000        5.10765958333333      -5.216032935681353E-002
   7.20999000000000        5.40799250000000      -4.972210898721011E-002
   7.20999000000000        5.70832541666667      -4.813116464759350E-002
   7.20999000000000        6.00865833333333      -4.722958709809268E-002
   7.20999000000000        6.30899125000000      -4.668310017115099E-002
   7.20999000000000        6.60932416666667      -4.591186471540522E-002
   7.20999000000000        6.90965708333333      -4.411684398180234E-002
   7.20999000000000        7.20999000000000      -4.147016006079642E-002
