  2.000000000000000E-003  2.000000000000000E-003 -0.113010794275727     
  2.000000000000000E-003  0.302332916666667      -0.117310871128778     
  2.000000000000000E-003  0.602665833333333      -0.121030829617624     
  2.000000000000000E-003  0.902998750000000      -0.124960929598777     
  2.000000000000000E-003   1.20333166666667      -0.128844198136874     
  2.000000000000000E-003   1.50366458333333      -0.132957081414146     
  2.000000000000000E-003   1.80399750000000      -0.137604913504116     
  2.000000000000000E-003   2.10433041666667      -0.143058732904205     
  2.000000000000000E-003   2.40466333333333      -0.149669539983587     
  2.000000000000000E-003   2.70499625000000      -0.157177565581593     
  2.000000000000000E-003   3.00532916666667      -0.164001071540529     
  2.000000000000000E-003   3.30566208333333      -0.166753384891946     
  2.000000000000000E-003   3.60599500000000      -0.166570804961341     
  2.000000000000000E-003   3.90632791666667      -0.166742176170778     
  2.000000000000000E-003   4.20666083333333      -0.163982159505245     
  2.000000000000000E-003   4.50699375000000      -0.157159407737482     
  2.000000000000000E-003   4.80732666666667      -0.149655286722484     
  2.000000000000000E-003   5.10765958333333      -0.143047933853492     
  2.000000000000000E-003   5.40799250000000      -0.137595594393978     
  2.000000000000000E-003   5.70832541666667      -0.132946943566971     
  2.000000000000000E-003   6.00865833333333      -0.128829605372994     
  2.000000000000000E-003   6.30899125000000      -0.124936403217067     
  2.000000000000000E-003   6.60932416666667      -0.120992438435214     
  2.000000000000000E-003   6.90965708333333      -0.117272526650929     
  2.000000000000000E-003   7.20999000000000      -0.112984780449973     
  0.302332916666667       2.000000000000000E-003 -0.117309618906674     
  0.302332916666667       0.302332916666667      -0.120530256547342     
  0.302332916666667       0.602665833333333      -0.126998086985029     
  0.302332916666667       0.902998750000000      -0.133784531938872     
  0.302332916666667        1.20333166666667      -0.139462204434179     
  0.302332916666667        1.50366458333333      -0.144829828473347     
  0.302332916666667        1.80399750000000      -0.150469219699234     
  0.302332916666667        2.10433041666667      -0.156657210527316     
  0.302332916666667        2.40466333333333      -0.163381123819684     
  0.302332916666667        2.70499625000000      -0.169847014307212     
  0.302332916666667        3.00532916666667      -0.174120978274692     
  0.302332916666667        3.30566208333333      -0.173963497472312     
  0.302332916666667        3.60599500000000      -0.172307248823510     
  0.302332916666667        3.90632791666667      -0.173943822685531     
  0.302332916666667        4.20666083333333      -0.174095720710014     
  0.302332916666667        4.50699375000000      -0.169825544377559     
  0.302332916666667        4.80732666666667      -0.163365873346604     
  0.302332916666667        5.10765958333333      -0.156646664907864     
  0.302332916666667        5.40799250000000      -0.150460822147920     
  0.302332916666667        5.70832541666667      -0.144821190842751     
  0.302332916666667        6.00865833333333      -0.139450479558526     
  0.302332916666667        6.30899125000000      -0.133766739529255     
  0.302332916666667        6.60932416666667      -0.126974096291975     
  0.302332916666667        6.90965708333333      -0.120503084894542     
  0.302332916666667        7.20999000000000      -0.117270353796808     
  0.602665833333333       2.000000000000000E-003 -0.121029097067018     
  0.602665833333333       0.302332916666667      -0.126997331134515     
  0.602665833333333       0.602665833333333      -0.134823135588428     
  0.602665833333333       0.902998750000000      -0.143094229411988     
  0.602665833333333        1.20333166666667      -0.150492705080741     
  0.602665833333333        1.50366458333333      -0.157443372691075     
  0.602665833333333        1.80399750000000      -0.164441692176235     
  0.602665833333333        2.10433041666667      -0.171687891927997     
  0.602665833333333        2.40466333333333      -0.178927501823923     
  0.602665833333333        2.70499625000000      -0.185028862059760     
  0.602665833333333        3.00532916666667      -0.188133736011432     
  0.602665833333333        3.30566208333333      -0.187242839742824     
  0.602665833333333        3.60599500000000      -0.185726646683911     
  0.602665833333333        3.90632791666667      -0.187225987897215     
  0.602665833333333        4.20666083333333      -0.188111384919848     
  0.602665833333333        4.50699375000000      -0.185009711923971     
  0.602665833333333        4.80732666666667      -0.178914240627305     
  0.602665833333333        5.10765958333333      -0.171678880180799     
  0.602665833333333        5.40799250000000      -0.164434924093775     
  0.602665833333333        5.70832541666667      -0.157436897012569     
  0.602665833333333        6.00865833333333      -0.150484812492964     
  0.602665833333333        6.30899125000000      -0.143083888227453     
  0.602665833333333        6.60932416666667      -0.134809323100599     
  0.602665833333333        6.90965708333333      -0.126972610863118     
  0.602665833333333        7.20999000000000      -0.120989136515545     
  0.902998750000000       2.000000000000000E-003 -0.124959150298122     
  0.902998750000000       0.302332916666667      -0.133783143962360     
  0.902998750000000       0.602665833333333      -0.143093385553370     
  0.902998750000000       0.902998750000000      -0.152603912678193     
  0.902998750000000        1.20333166666667      -0.161777295360348     
  0.902998750000000        1.50366458333333      -0.170686398729906     
  0.902998750000000        1.80399750000000      -0.179572583645569     
  0.902998750000000        2.10433041666667      -0.188544233622629     
  0.902998750000000        2.40466333333333      -0.197296806283667     
  0.902998750000000        2.70499625000000      -0.204831188408514     
  0.902998750000000        3.00532916666667      -0.209754546844290     
  0.902998750000000        3.30566208333333      -0.211513402594912     
  0.902998750000000        3.60599500000000      -0.211646785324953     
  0.902998750000000        3.90632791666667      -0.211502795197976     
  0.902998750000000        4.20666083333333      -0.209739604149177     
  0.902998750000000        4.50699375000000      -0.204818070746483     
  0.902998750000000        4.80732666666667      -0.197287328608291     
  0.902998750000000        5.10765958333333      -0.188537816304602     
  0.902998750000000        5.40799250000000      -0.179568045194274     
  0.902998750000000        5.70832541666667      -0.170682172857160     
  0.902998750000000        6.00865833333333      -0.161772138856509     
  0.902998750000000        6.30899125000000      -0.152596932187409     
  0.902998750000000        6.60932416666667      -0.143082711429696     
  0.902998750000000        6.90965708333333      -0.133764381547681     
  0.902998750000000        7.20999000000000      -0.124932742800435     
   1.20333166666667       2.000000000000000E-003 -0.128841980366932     
   1.20333166666667       0.302332916666667      -0.139460057840085     
   1.20333166666667       0.602665833333333      -0.150490937642822     
   1.20333166666667       0.902998750000000      -0.161776337337659     
   1.20333166666667        1.20333166666667      -0.173086126590865     
   1.20333166666667        1.50366458333333      -0.184377952557414     
   1.20333166666667        1.80399750000000      -0.195702946679995     
   1.20333166666667        2.10433041666667      -0.207134878755167     
   1.20333166666667        2.40466333333333      -0.218294923026063     
   1.20333166666667        2.70499625000000      -0.228217362248300     
   1.20333166666667        3.00532916666667      -0.235842011204484     
   1.20333166666667        3.30566208333333      -0.240394651320724     
   1.20333166666667        3.60599500000000      -0.241839682214872     
   1.20333166666667        3.90632791666667      -0.240389113530780     
   1.20333166666667        4.20666083333333      -0.235834001763978     
   1.20333166666667        4.50699375000000      -0.228209954900982     
   1.20333166666667        4.80732666666667      -0.218289554857608     
   1.20333166666667        5.10765958333333      -0.207131586311605     
   1.20333166666667        5.40799250000000      -0.195700910755299     
   1.20333166666667        5.70832541666667      -0.184375848060931     
   1.20333166666667        6.00865833333333      -0.173082849429850     
   1.20333166666667        6.30899125000000      -0.161771078562632     
   1.20333166666667        6.60932416666667      -0.150482615821292     
   1.20333166666667        6.90965708333333      -0.139447281260379     
   1.20333166666667        7.20999000000000      -0.128825323445720     
   1.50366458333333       2.000000000000000E-003 -0.132954188530539     
   1.50366458333333       0.302332916666667      -0.144826882233715     
   1.50366458333333       0.602665833333333      -0.157440819275367     
   1.50366458333333       0.902998750000000      -0.170684766041716     
   1.50366458333333        1.20333166666667      -0.184377403952808     
   1.50366458333333        1.50366458333333      -0.198359339205538     
   1.50366458333333        1.80399750000000      -0.212593640869013     
   1.50366458333333        2.10433041666667      -0.227045843760735     
   1.50366458333333        2.40466333333333      -0.241055143013099     
   1.50366458333333        2.70499625000000      -0.253652303219653     
   1.50366458333333        3.00532916666667      -0.263714006574320     
   1.50366458333333        3.30566208333333      -0.270199201640745     
   1.50366458333333        3.60599500000000      -0.272431865047148     
   1.50366458333333        3.90632791666667      -0.270196620693935     
   1.50366458333333        4.20666083333333      -0.263710255385543     
   1.50366458333333        4.50699375000000      -0.253649025921815     
   1.50366458333333        4.80732666666667      -0.241053316988343     
   1.50366458333333        5.10765958333333      -0.227045444295618     
   1.50366458333333        5.40799250000000      -0.212593823706303     
   1.50366458333333        5.70832541666667      -0.198358925139227     
   1.50366458333333        6.00865833333333      -0.184375356193458     
   1.50366458333333        6.30899125000000      -0.170680492925338     
   1.50366458333333        6.60932416666667      -0.157433979803643     
   1.50366458333333        6.90965708333333      -0.144817230641836     
   1.50366458333333        7.20999000000000      -0.132941963968914     
   1.80399750000000       2.000000000000000E-003 -0.137601320695180     
   1.80399750000000       0.302332916666667      -0.150465578221045     
   1.80399750000000       0.602665833333333      -0.164438714323368     
   1.80399750000000       0.902998750000000      -0.179570953366590     
   1.80399750000000        1.20333166666667      -0.195702837135330     
   1.80399750000000        1.50366458333333      -0.212594340536601     
   1.80399750000000        1.80399750000000      -0.230066411685375     
   1.80399750000000        2.10433041666667      -0.247616036232844     
   1.80399750000000        2.40466333333333      -0.264470310528912     
   1.80399750000000        2.70499625000000      -0.279602057191948     
   1.80399750000000        3.00532916666667      -0.291765260553473     
   1.80399750000000        3.30566208333333      -0.299697037341742     
   1.80399750000000        3.60599500000000      -0.302455428720264     
   1.80399750000000        3.90632791666667      -0.299696053175495     
   1.80399750000000        4.20666083333333      -0.291764018419877     
   1.80399750000000        4.50699375000000      -0.279601551682467     
   1.80399750000000        4.80732666666667      -0.264471029650884     
   1.80399750000000        5.10765958333333      -0.247617672605391     
   1.80399750000000        5.40799250000000      -0.230067992295739     
   1.80399750000000        5.70832541666667      -0.212594651288137     
   1.80399750000000        6.00865833333333      -0.195700991695096     
   1.80399750000000        6.30899125000000      -0.179566519179959     
   1.80399750000000        6.60932416666667      -0.164431743730377     
   1.80399750000000        6.90965708333333      -0.150456349471836     
   1.80399750000000        7.20999000000000      -0.137590109620592     
   2.10433041666667       2.000000000000000E-003 -0.143054424603963     
   2.10433041666667       0.302332916666667      -0.156652966357213     
   2.10433041666667       0.602665833333333      -0.171684885680504     
   2.10433041666667       0.902998750000000      -0.188543461863347     
   2.10433041666667        1.20333166666667      -0.207136426591254     
   2.10433041666667        1.50366458333333      -0.227048724070184     
   2.10433041666667        1.80399750000000      -0.247618469547556     
   2.10433041666667        2.10433041666667      -0.268048637117032     
   2.10433041666667        2.40466333333333      -0.287432360202515     
   2.10433041666667        2.70499625000000      -0.304680150243882     
   2.10433041666667        3.00532916666667      -0.318479603984632     
   2.10433041666667        3.30566208333333      -0.327460781476749     
   2.10433041666667        3.60599500000000      -0.330581387533036     
   2.10433041666667        3.90632791666667      -0.327460652129928     
   2.10433041666667        4.20666083333333      -0.318479828746251     
   2.10433041666667        4.50699375000000      -0.304681194228282     
   2.10433041666667        4.80732666666667      -0.287434337708716     
   2.10433041666667        5.10765958333333      -0.268051053608515     
   2.10433041666667        5.40799250000000      -0.247620259882778     
   2.10433041666667        5.70832541666667      -0.227048623242831     
   2.10433041666667        6.00865833333333      -0.207133506084203     
   2.10433041666667        6.30899125000000      -0.188537358841502     
   2.10433041666667        6.60932416666667      -0.171675917405505     
   2.10433041666667        6.90965708333333      -0.156641891701617     
   2.10433041666667        7.20999000000000      -0.143042124078320     
   2.40466333333333       2.000000000000000E-003 -0.149664234551981     
   2.40466333333333       0.302332916666667      -0.163375892228102     
   2.40466333333333       0.602665833333333      -0.178924364854229     
   2.40466333333333       0.902998750000000      -0.197297199962872     
   2.40466333333333        1.20333166666667      -0.218298917582392     
   2.40466333333333        1.50366458333333      -0.241061398772661     
   2.40466333333333        1.80399750000000      -0.264476590110745     
   2.40466333333333        2.10433041666667      -0.287436331052190     
   2.40466333333333        2.40466333333333      -0.308880216486578     
   2.40466333333333        2.70499625000000      -0.327690289202004     
   2.40466333333333        3.00532916666667      -0.342585005378332     
   2.40466333333333        3.30566208333333      -0.352215867255521     
   2.40466333333333        3.60599500000000      -0.355550268988414     
   2.40466333333333        3.90632791666667      -0.352216207325002     
   2.40466333333333        4.20666083333333      -0.342585786344116     
   2.40466333333333        4.50699375000000      -0.327691817208941     
   2.40466333333333        4.80732666666667      -0.308882351050852     
   2.40466333333333        5.10765958333333      -0.287438417821896     
   2.40466333333333        5.40799250000000      -0.264477576559109     
   2.40466333333333        5.70832541666667      -0.241060017298771     
   2.40466333333333        6.00865833333333      -0.218294123017393     
   2.40466333333333        6.30899125000000      -0.197288292523191     
   2.40466333333333        6.60932416666667      -0.178911463604780     
   2.40466333333333        6.90965708333333      -0.163360494190872     
   2.40466333333333        7.20999000000000      -0.149649002922367     
   2.70499625000000       2.000000000000000E-003 -0.157170713861085     
   2.70499625000000       0.302332916666667      -0.169839698795649     
   2.70499625000000       0.602665833333333      -0.185024342707235     
   2.70499625000000       0.902998750000000      -0.204832199724228     
   2.70499625000000        1.20333166666667      -0.228223962057309     
   2.70499625000000        1.50366458333333      -0.253662449807629     
   2.70499625000000        1.80399750000000      -0.279612814964864     
   2.70499625000000        2.10433041666667      -0.304688712420177     
   2.70499625000000        2.40466333333333      -0.327694820571071     
   2.70499625000000        2.70499625000000      -0.347519962771025     
   2.70499625000000        3.00532916666667      -0.363010176661462     
   2.70499625000000        3.30566208333333      -0.372965096758965     
   2.70499625000000        3.60599500000000      -0.376408411714525     
   2.70499625000000        3.90632791666667      -0.372965472853111     
   2.70499625000000        4.20666083333333      -0.363010990954074     
   2.70499625000000        4.50699375000000      -0.347521302050513     
   2.70499625000000        4.80732666666667      -0.327696415112974     
   2.70499625000000        5.10765958333333      -0.304689946776354     
   2.70499625000000        5.40799250000000      -0.279612681917751     
   2.70499625000000        5.70832541666667      -0.253659755142969     
   2.70499625000000        6.00865833333333      -0.228217331139181     
   2.70499625000000        6.30899125000000      -0.204819967262859     
   2.70499625000000        6.60932416666667      -0.185005939951751     
   2.70499625000000        6.90965708333333      -0.169818489938459     
   2.70499625000000        7.20999000000000      -0.157152131232540     
   3.00532916666667       2.000000000000000E-003 -0.163991966657616     
   3.00532916666667       0.302332916666667      -0.174110156017594     
   3.00532916666667       0.602665833333333      -0.188126160014990     
   3.00532916666667       0.902998750000000      -0.209754872582210     
   3.00532916666667        1.20333166666667      -0.235850589257839     
   3.00532916666667        1.50366458333333      -0.263727671932792     
   3.00532916666667        1.80399750000000      -0.291780138044558     
   3.00532916666667        2.10433041666667      -0.318492330125357     
   3.00532916666667        2.40466333333333      -0.342593533566495     
   3.00532916666667        2.70499625000000      -0.363014044478131     
   3.00532916666667        3.00532916666667      -0.378793210174865     
   3.00532916666667        3.30566208333333      -0.388942589004711     
   3.00532916666667        3.60599500000000      -0.392479606137946     
   3.00532916666667        3.90632791666667      -0.388942824052508     
   3.00532916666667        4.20666083333333      -0.378793764107223     
   3.00532916666667        4.50699375000000      -0.363014876037323     
   3.00532916666667        4.80732666666667      -0.342594371746707     
   3.00532916666667        5.10765958333333      -0.318492739944772     
   3.00532916666667        5.40799250000000      -0.291779320676258     
   3.00532916666667        5.70832541666667      -0.263724630279990     
   3.00532916666667        6.00865833333333      -0.235843553178570     
   3.00532916666667        6.30899125000000      -0.209741152638038     
   3.00532916666667        6.60932416666667      -0.188104986498562     
   3.00532916666667        6.90965708333333      -0.174085611773543     
   3.00532916666667        7.20999000000000      -0.163973251897562     
   3.30566208333333       2.000000000000000E-003 -0.166741859537522     
   3.30566208333333       0.302332916666667      -0.173948441803180     
   3.30566208333333       0.602665833333333      -0.187231128015721     
   3.30566208333333       0.902998750000000      -0.211512136037878     
   3.30566208333333        1.20333166666667      -0.240404150301947     
   3.30566208333333        1.50366458333333      -0.270215254365742     
   3.30566208333333        1.80399750000000      -0.299714785263821     
   3.30566208333333        2.10433041666667      -0.327476373832118     
   3.30566208333333        2.40466333333333      -0.352227072667558     
   3.30566208333333        2.70499625000000      -0.372971468692043     
   3.30566208333333        3.00532916666667      -0.388945017790709     
   3.30566208333333        3.30566208333333      -0.399334901791301     
   3.30566208333333        3.60599500000000      -0.403021744667594     
   3.30566208333333        3.90632791666667      -0.399335056719066     
   3.30566208333333        4.20666083333333      -0.388945280044728     
   3.30566208333333        4.50699375000000      -0.372971806936672     
   3.30566208333333        4.80732666666667      -0.352227445015035     
   3.30566208333333        5.10765958333333      -0.327476454157987     
   3.30566208333333        5.40799250000000      -0.299714244309818     
   3.30566208333333        5.70832541666667      -0.270213443007287     
   3.30566208333333        6.00865833333333      -0.240399699233434     
   3.30566208333333        6.30899125000000      -0.211502989936336     
   3.30566208333333        6.60932416666667      -0.187215890238643     
   3.30566208333333        6.90965708333333      -0.173929996527501     
   3.30566208333333        7.20999000000000      -0.166731668823940     
   3.60599500000000       2.000000000000000E-003 -0.166558808690851     
   3.60599500000000       0.302332916666667      -0.172290300053964     
   3.60599500000000       0.602665833333333      -0.185712859216419     
   3.60599500000000       0.902998750000000      -0.211644674625989     
   3.60599500000000        1.20333166666667      -0.241849418413327     
   3.60599500000000        1.50366458333333      -0.272448773124530     
   3.60599500000000        1.80399750000000      -0.302474220580307     
   3.60599500000000        2.10433041666667      -0.330598013067471     
   3.60599500000000        2.40466333333333      -0.355562422063874     
   3.60599500000000        2.70499625000000      -0.376415649467658     
   3.60599500000000        3.00532916666667      -0.392482856386532     
   3.60599500000000        3.30566208333333      -0.403022554469225     
   3.60599500000000        3.60599500000000      -0.406809310375485     
   3.60599500000000        3.90632791666667      -0.403022465229433     
   3.60599500000000        4.20666083333333      -0.392482776081671     
   3.60599500000000        4.50699375000000      -0.376415526919341     
   3.60599500000000        4.80732666666667      -0.355562412399075     
   3.60599500000000        5.10765958333333      -0.330598186854255     
   3.60599500000000        5.40799250000000      -0.302474648889546     
   3.60599500000000        5.70832541666667      -0.272449514218366     
   3.60599500000000        6.00865833333333      -0.241850478375897     
   3.60599500000000        6.30899125000000      -0.211646055230370     
   3.60599500000000        6.60932416666667      -0.185714367044187     
   3.60599500000000        6.90965708333333      -0.172291494315643     
   3.60599500000000        7.20999000000000      -0.166560284944624     
   3.90632791666667       2.000000000000000E-003 -0.166730620090854     
   3.90632791666667       0.302332916666667      -0.173928875406513     
   3.90632791666667       0.602665833333333      -0.187214428373090     
   3.90632791666667       0.902998750000000      -0.211501667708775     
   3.90632791666667        1.20333166666667      -0.240398714099893     
   3.90632791666667        1.50366458333333      -0.270212748803186     
   3.90632791666667        1.80399750000000      -0.299713865175180     
   3.90632791666667        2.10433041666667      -0.327476298883897     
   3.90632791666667        2.40466333333333      -0.352227457095576     
   3.90632791666667        2.70499625000000      -0.372971880168026     
   3.90632791666667        3.00532916666667      -0.388945282155172     
   3.90632791666667        3.30566208333333      -0.399335083569119     
   3.90632791666667        3.60599500000000      -0.403021682335501     
   3.90632791666667        3.90632791666667      -0.399334933233622     
   3.90632791666667        4.20666083333333      -0.388944958773282     
   3.90632791666667        4.50699375000000      -0.372971410949676     
   3.90632791666667        4.80732666666667      -0.352227148538232     
   3.90632791666667        5.10765958333333      -0.327476592033670     
   3.90632791666667        5.40799250000000      -0.299715216304198     
   3.90632791666667        5.70832541666667      -0.270215976508740     
   3.90632791666667        6.00865833333333      -0.240405098537563     
   3.90632791666667        6.30899125000000      -0.211513300156631     
   3.90632791666667        6.60932416666667      -0.187232270117171     
   3.90632791666667        6.90965708333333      -0.173949296036121     
   3.90632791666667        7.20999000000000      -0.166742775390326     
   4.20666083333333       2.000000000000000E-003 -0.163973020275824     
   4.20666083333333       0.302332916666667      -0.174085006748051     
   4.20666083333333       0.602665833333333      -0.188104013255419     
   4.20666083333333       0.902998750000000      -0.209740139931257     
   4.20666083333333        1.20333166666667      -0.235842742049493     
   4.20666083333333        1.50366458333333      -0.263724053968647     
   4.20666083333333        1.80399750000000      -0.291779010607710     
   4.20666083333333        2.10433041666667      -0.318492650705609     
   4.20666083333333        2.40466333333333      -0.342594390663284     
   4.20666083333333        2.70499625000000      -0.363014918056157     
   4.20666083333333        3.00532916666667      -0.378793813137813     
   4.20666083333333        3.30566208333333      -0.388942897814459     
   4.20666083333333        3.60599500000000      -0.392479575316992     
   4.20666083333333        3.90632791666667      -0.388942553135669     
   4.20666083333333        4.20666083333333      -0.378793136414361     
   4.20666083333333        4.50699375000000      -0.363014009528568     
   4.20666083333333        4.80732666666667      -0.342593566526400     
   4.20666083333333        5.10765958333333      -0.318492558385929     
   4.20666083333333        5.40799250000000      -0.291780546677414     
   4.20666083333333        5.70832541666667      -0.263728306230533     
   4.20666083333333        6.00865833333333      -0.235851371497861     
   4.20666083333333        6.30899125000000      -0.209755720950078     
   4.20666083333333        6.60932416666667      -0.188126900117138     
   4.20666083333333        6.90965708333333      -0.174110672468421     
   4.20666083333333        7.20999000000000      -0.163992374896588     
   4.50699375000000       2.000000000000000E-003 -0.157152626623506     
   4.50699375000000       0.302332916666667      -0.169818383041918     
   4.50699375000000       0.602665833333333      -0.185005416856176     
   4.50699375000000       0.902998750000000      -0.204819303744303     
   4.50699375000000        1.20333166666667      -0.228216746613078     
   4.50699375000000        1.50366458333333      -0.253659340856076     
   4.50699375000000        1.80399750000000      -0.279612453147785     
   4.50699375000000        2.10433041666667      -0.304689871732283     
   4.50699375000000        2.40466333333333      -0.327696435214207     
   4.50699375000000        2.70499625000000      -0.347521366104513     
   4.50699375000000        3.00532916666667      -0.363011061282471     
   4.50699375000000        3.30566208333333      -0.372965489896813     
   4.50699375000000        3.60599500000000      -0.376408354591047     
   4.50699375000000        3.90632791666667      -0.372965080005458     
   4.50699375000000        4.20666083333333      -0.363010160699768     
   4.50699375000000        4.50699375000000      -0.347520016309565     
   4.50699375000000        4.80732666666667      -0.327694961624419     
   4.50699375000000        5.10765958333333      -0.304688920622736     
   4.50699375000000        5.40799250000000      -0.279613198966756     
   4.50699375000000        5.70832541666667      -0.253662957685362     
   4.50699375000000        6.00865833333333      -0.228224568720312     
   4.50699375000000        6.30899125000000      -0.204832815388618     
   4.50699375000000        6.60932416666667      -0.185024789717551     
   4.50699375000000        6.90965708333333      -0.169839868013046     
   4.50699375000000        7.20999000000000      -0.157170458407994     
   4.80732666666667       2.000000000000000E-003 -0.149650187904603     
   4.80732666666667       0.302332916666667      -0.163360869027204     
   4.80732666666667       0.602665833333333      -0.178911341463829     
   4.80732666666667       0.902998750000000      -0.197287952079155     
   4.80732666666667        1.20333166666667      -0.218293760075592     
   4.80732666666667        1.50366458333333      -0.241059756494326     
   4.80732666666667        1.80399750000000      -0.264477458520336     
   4.80732666666667        2.10433041666667      -0.287438418682866     
   4.80732666666667        2.40466333333333      -0.308882424413527     
   4.80732666666667        2.70499625000000      -0.327691931744712     
   4.80732666666667        3.00532916666667      -0.342585884215999     
   4.80732666666667        3.30566208333333      -0.352216291485910     
   4.80732666666667        3.60599500000000      -0.355550334439682     
   4.80732666666667        3.90632791666667      -0.352215997618521     
   4.80732666666667        4.20666083333333      -0.342585073085963     
   4.80732666666667        4.50699375000000      -0.327690446513856     
   4.80732666666667        4.80732666666667      -0.308880379258596     
   4.80732666666667        5.10765958333333      -0.287436567719907     
   4.80732666666667        5.40799250000000      -0.264476914318754     
   4.80732666666667        5.70832541666667      -0.241061769983471     
   4.80732666666667        6.00865833333333      -0.218299329185604     
   4.80732666666667        6.30899125000000      -0.197297529380761     
   4.80732666666667        6.60932416666667      -0.178924476328520     
   4.80732666666667        6.90965708333333      -0.163375594397213     
   4.80732666666667        7.20999000000000      -0.149663222732497     
   5.10765958333333       2.000000000000000E-003 -0.143043920546972     
   5.10765958333333       0.302332916666667      -0.156642706378777     
   5.10765958333333       0.602665833333333      -0.171676151152230     
   5.10765958333333       0.902998750000000      -0.188537301439902     
   5.10765958333333        1.20333166666667      -0.207133359691492     
   5.10765958333333        1.50366458333333      -0.227048508568843     
   5.10765958333333        1.80399750000000      -0.247620240458766     
   5.10765958333333        2.10433041666667      -0.268051136835588     
   5.10765958333333        2.40466333333333      -0.287434486758088     
   5.10765958333333        2.70499625000000      -0.304681399533914     
   5.10765958333333        3.00532916666667      -0.318480029398941     
   5.10765958333333        3.30566208333333      -0.327460902603225     
   5.10765958333333        3.60599500000000      -0.330581642114523     
   5.10765958333333        3.90632791666667      -0.327461065600481     
   5.10765958333333        4.20666083333333      -0.318479881096796     
   5.10765958333333        4.50699375000000      -0.304680388445763     
   5.10765958333333        4.80732666666667      -0.287432609122135     
   5.10765958333333        5.10765958333333      -0.268048899208650     
   5.10765958333333        5.40799250000000      -0.247618755123082     
   5.10765958333333        5.70832541666667      -0.227048976464726     
   5.10765958333333        6.00865833333333      -0.207136617145210     
   5.10765958333333        6.30899125000000      -0.188543500788754     
   5.10765958333333        6.60932416666667      -0.171684611614385     
   5.10765958333333        6.90965708333333      -0.156652155801609     
   5.10765958333333        7.20999000000000      -0.143052672788693     
   5.40799250000000       2.000000000000000E-003 -0.137592333508414     
   5.40799250000000       0.302332916666667      -0.150457496010256     
   5.40799250000000       0.602665833333333      -0.164432247968892     
   5.40799250000000       0.902998750000000      -0.179566695005470     
   5.40799250000000        1.20333166666667      -0.195701038884845     
   5.40799250000000        1.50366458333333      -0.212594697367747     
   5.40799250000000        1.80399750000000      -0.230068097702854     
   5.40799250000000        2.10433041666667      -0.247617867969408     
   5.40799250000000        2.40466333333333      -0.264471289920918     
   5.40799250000000        2.70499625000000      -0.279601895475742     
   5.40799250000000        3.00532916666667      -0.291764426324624     
   5.40799250000000        3.30566208333333      -0.299696521971883     
   5.40799250000000        3.60599500000000      -0.302455942122849     
   5.40799250000000        3.90632791666667      -0.299697545775357     
   5.40799250000000        4.20666083333333      -0.291765731544960     
   5.40799250000000        4.50699375000000      -0.279602481998709     
   5.40799250000000        4.80732666666667      -0.264470653040541     
   5.40799250000000        5.10765958333333      -0.247616324319859     
   5.40799250000000        5.40799250000000      -0.230066610661189     
   5.40799250000000        5.70832541666667      -0.212594411157494     
   5.40799250000000        6.00865833333333      -0.195702773056243     
   5.40799250000000        6.30899125000000      -0.179570674322979     
   5.40799250000000        6.60932416666667      -0.164438064932272     
   5.40799250000000        6.90965708333333      -0.150464286801515     
   5.40799250000000        7.20999000000000      -0.137598967987696     
   5.70832541666667       2.000000000000000E-003 -0.132944374756337     
   5.70832541666667       0.302332916666667      -0.144818547808193     
   5.70832541666667       0.602665833333333      -0.157434632676150     
   5.70832541666667       0.902998750000000      -0.170680808828948     
   5.70832541666667        1.20333166666667      -0.184375525869505     
   5.70832541666667        1.50366458333333      -0.198359081101790     
   5.70832541666667        1.80399750000000      -0.212594020040327     
   5.70832541666667        2.10433041666667      -0.227045735156692     
   5.70832541666667        2.40466333333333      -0.241053701686457     
   5.70832541666667        2.70499625000000      -0.253649531097344     
   5.70832541666667        3.00532916666667      -0.263710910867438     
   5.70832541666667        3.30566208333333      -0.270197398092831     
   5.70832541666667        3.60599500000000      -0.272432697347891     
   5.70832541666667        3.90632791666667      -0.270200015012766     
   5.70832541666667        4.20666083333333      -0.263714717306243     
   5.70832541666667        4.50699375000000      -0.253652859613664     
   5.70832541666667        4.80732666666667      -0.241055530984256     
   5.70832541666667        5.10765958333333      -0.227046088966319     
   5.70832541666667        5.40799250000000      -0.212593697224987     
   5.70832541666667        5.70832541666667      -0.198359226350565     
   5.70832541666667        6.00865833333333      -0.184377081360048     
   5.70832541666667        6.30899125000000      -0.170684177397404     
   5.70832541666667        6.60932416666667      -0.157439831487050     
   5.70832541666667        6.90965708333333      -0.144825219654615     
   5.70832541666667        7.20999000000000      -0.132951438993070     
   6.00865833333333       2.000000000000000E-003 -0.128827648880271     
   6.00865833333333       0.302332916666667      -0.139448568035127     
   6.00865833333333       0.602665833333333      -0.150483272404820     
   6.00865833333333       0.902998750000000      -0.161771396652344     
   6.00865833333333        1.20333166666667      -0.173083029270534     
   6.00865833333333        1.50366458333333      -0.184376019228304     
   6.00865833333333        1.80399750000000      -0.195701127554898     
   6.00865833333333        2.10433041666667      -0.207131899352304     
   6.00865833333333        2.40466333333333      -0.218290014659189     
   6.00865833333333        2.70499625000000      -0.228210600842927     
   6.00865833333333        3.00532916666667      -0.235834874165483     
   6.00865833333333        3.30566208333333      -0.240390182307815     
   6.00865833333333        3.60599500000000      -0.241840847758484     
   6.00865833333333        3.90632791666667      -0.240395713016736     
   6.00865833333333        4.20666083333333      -0.235842889146589     
   6.00865833333333        4.50699375000000      -0.228218024465166     
   6.00865833333333        4.80732666666667      -0.218295343125731     
   6.00865833333333        5.10765958333333      -0.207135040362382     
   6.00865833333333        5.40799250000000      -0.195702837263641     
   6.00865833333333        5.70832541666667      -0.184377595332194     
   6.00865833333333        6.00865833333333      -0.173085522005896     
   6.00865833333333        6.30899125000000      -0.161775452009594     
   6.00865833333333        6.60932416666667      -0.150489647474173     
   6.00865833333333        6.90965708333333      -0.139458111750902     
   6.00865833333333        7.20999000000000      -0.128839004317818     
   6.30899125000000       2.000000000000000E-003 -0.124934743636741     
   6.30899125000000       0.302332916666667      -0.133765440702168     
   6.30899125000000       0.602665833333333      -0.143083155418900     
   6.30899125000000       0.902998750000000      -0.152597054620444     
   6.30899125000000        1.20333166666667      -0.161772135362201     
   6.30899125000000        1.50366458333333      -0.170682171015414     
   6.30899125000000        1.80399750000000      -0.179568119792878     
   6.30899125000000        2.10433041666667      -0.188538020271103     
   6.30899125000000        2.40466333333333      -0.197287731850520     
   6.30899125000000        2.70499625000000      -0.204818764134193     
   6.30899125000000        3.00532916666667      -0.209740658516799     
   6.30899125000000        3.30566208333333      -0.211504190964250     
   6.30899125000000        3.60599500000000      -0.211648280189934     
   6.30899125000000        3.90632791666667      -0.211514709033455     
   6.30899125000000        4.20666083333333      -0.209755525073754     
   6.30899125000000        4.50699375000000      -0.204831872932751     
   6.30899125000000        4.80732666666667      -0.197297132617054     
   6.30899125000000        5.10765958333333      -0.188544212193129     
   6.30899125000000        5.40799250000000      -0.179572215666004     
   6.30899125000000        5.70832541666667      -0.170685724413404     
   6.30899125000000        6.00865833333333      -0.161776355030083     
   6.30899125000000        6.30899125000000      -0.152602700077915     
   6.30899125000000        6.60932416666667      -0.143091820511851     
   6.30899125000000        6.90965708333333      -0.133780991438430     
   6.30899125000000        7.20999000000000      -0.124956052589582     
   6.60932416666667       2.000000000000000E-003 -0.120990612764311     
   6.60932416666667       0.302332916666667      -0.126973232479650     
   6.60932416666667       0.602665833333333      -0.134809304914150     
   6.60932416666667       0.902998750000000      -0.143083567323254     
   6.60932416666667        1.20333166666667      -0.150484377374934     
   6.60932416666667        1.50366458333333      -0.157436488114374     
   6.60932416666667        1.80399750000000      -0.164434621507809     
   6.60932416666667        2.10433041666667      -0.171678760241916     
   6.60932416666667        2.40466333333333      -0.178914383346696     
   6.60932416666667        2.70499625000000      -0.185010212787153     
   6.60932416666667        3.00532916666667      -0.188112338330576     
   6.60932416666667        3.30566208333333      -0.187227492037481     
   6.60932416666667        3.60599500000000      -0.185728291634179     
   6.60932416666667        3.90632791666667      -0.187244181039783     
   6.60932416666667        4.20666083333333      -0.188134667261295     
   6.60932416666667        4.50699375000000      -0.185029406933084     
   6.60932416666667        4.80732666666667      -0.178927597800308     
   6.60932416666667        5.10765958333333      -0.171687519940430     
   6.60932416666667        5.40799250000000      -0.164440903821739     
   6.60932416666667        5.70832541666667      -0.157442238619979     
   6.60932416666667        6.00865833333333      -0.150491293241142     
   6.60932416666667        6.30899125000000      -0.143092598601818     
   6.60932416666667        6.60932416666667      -0.134821279849152     
   6.60932416666667        6.90965708333333      -0.126994973054038     
   6.60932416666667        7.20999000000000      -0.121025860939541     
   6.90965708333333       2.000000000000000E-003 -0.117271082310769     
   6.90965708333333       0.302332916666667      -0.120502926029813     
   6.90965708333333       0.602665833333333      -0.126973299485594     
   6.90965708333333       0.902998750000000      -0.133765684404905     
   6.90965708333333        1.20333166666667      -0.139449310644341     
   6.90965708333333        1.50366458333333      -0.144820032318257     
   6.90965708333333        1.80399750000000      -0.150459813607661     
   6.90965708333333        2.10433041666667      -0.156645917884335     
   6.90965708333333        2.40466333333333      -0.163365467362021     
   6.90965708333333        2.70499625000000      -0.169825544589091     
   6.90965708333333        3.00532916666667      -0.174096208116069     
   6.90965708333333        3.30566208333333      -0.173944928478575     
   6.90965708333333        3.60599500000000      -0.172308592422031     
   6.90965708333333        3.90632791666667      -0.173964595865266     
   6.90965708333333        4.20666083333333      -0.174121747456691     
   6.90965708333333        4.50699375000000      -0.169847313588480     
   6.90965708333333        4.80732666666667      -0.163380792644871     
   6.90965708333333        5.10765958333333      -0.156656264949308     
   6.90965708333333        5.40799250000000      -0.150467740345365     
   6.90965708333333        5.70832541666667      -0.144827960750528     
   6.90965708333333        6.00865833333333      -0.139460073331550     
   6.90965708333333        6.30899125000000      -0.133782260339351     
   6.90965708333333        6.60932416666667      -0.126995699868881     
   6.90965708333333        6.90965708333333      -0.120527398625827     
   6.90965708333333        7.20999000000000      -0.117306130642526     
   7.20999000000000       2.000000000000000E-003 -0.112984694193368     
   7.20999000000000       0.302332916666667      -0.117271536649097     
   7.20999000000000       0.602665833333333      -0.120990779832879     
   7.20999000000000       0.902998750000000      -0.124934348325135     
   7.20999000000000        1.20333166666667      -0.128827322055857     
   7.20999000000000        1.50366458333333      -0.132944619742931     
   7.20999000000000        1.80399750000000      -0.137593450903971     
   7.20999000000000        2.10433041666667      -0.143046162413887     
   7.20999000000000        2.40466333333333      -0.149654023373126     
   7.20999000000000        2.70499625000000      -0.157158739884659     
   7.20999000000000        3.00532916666667      -0.163982206670438     
   7.20999000000000        3.30566208333333      -0.166743167871806     
   7.20999000000000        3.60599500000000      -0.166572390918605     
   7.20999000000000        3.90632791666667      -0.166754514527792     
   7.20999000000000        4.20666083333333      -0.164001729502083     
   7.20999000000000        4.50699375000000      -0.157177430162763     
   7.20999000000000        4.80732666666667      -0.149668466013315     
   7.20999000000000        5.10765958333333      -0.143056810929910     
   7.20999000000000        5.40799250000000      -0.137602332997727     
   7.20999000000000        5.70832541666667      -0.132954080798116     
   7.20999000000000        6.00865833333333      -0.128840989787399     
   7.20999000000000        6.30899125000000      -0.124957679823041     
   7.20999000000000        6.60932416666667      -0.121027575903146     
   7.20999000000000        6.90965708333333      -0.117307422790044     
   7.20999000000000        7.20999000000000      -0.113006963799036     
