  2.000000000000000E-003  2.000000000000000E-003  -1.79418448146024     
  2.000000000000000E-003  0.302332916666667       -1.74331519142974     
  2.000000000000000E-003  0.602665833333333       -1.43689804120691     
  2.000000000000000E-003  0.902998750000000       -1.08581650732086     
  2.000000000000000E-003   1.20333166666667      -0.813797064246991     
  2.000000000000000E-003   1.50366458333333      -0.619219007685841     
  2.000000000000000E-003   1.80399750000000      -0.479884473265185     
  2.000000000000000E-003   2.10433041666667      -0.377855711741476     
  2.000000000000000E-003   2.40466333333333      -0.300130044060101     
  2.000000000000000E-003   2.70499625000000      -0.241081385072714     
  2.000000000000000E-003   3.00532916666667      -0.200810023312355     
  2.000000000000000E-003   3.30566208333333      -0.183057658186986     
  2.000000000000000E-003   3.60599500000000      -0.178210871373235     
  2.000000000000000E-003   3.90632791666667      -0.149621258998625     
  2.000000000000000E-003   4.20666083333333      -0.128388025539014     
  2.000000000000000E-003   4.50699375000000      -0.112504424573654     
  2.000000000000000E-003   4.80732666666667      -0.100865008141160     
  2.000000000000000E-003   5.10765958333333      -9.180978402752681E-002
  2.000000000000000E-003   5.40799250000000      -8.479784338990676E-002
  2.000000000000000E-003   5.70832541666667      -8.030436329745050E-002
  2.000000000000000E-003   6.00865833333333      -7.771018500715050E-002
  2.000000000000000E-003   6.30899125000000      -7.570999709606936E-002
  2.000000000000000E-003   6.60932416666667      -7.253648191490202E-002
  2.000000000000000E-003   6.90965708333333      -6.736204904026093E-002
  2.000000000000000E-003   7.20999000000000      -6.220751913882875E-002
  0.302332916666667       2.000000000000000E-003  -1.74330591932689     
  0.302332916666667       0.302332916666667       -1.60168597829884     
  0.302332916666667       0.602665833333333       -1.32276038136466     
  0.302332916666667       0.902998750000000       -1.02404915507998     
  0.302332916666667        1.20333166666667      -0.781177693315216     
  0.302332916666667        1.50366458333333      -0.601126479566309     
  0.302332916666667        1.80399750000000      -0.469636803851007     
  0.302332916666667        2.10433041666667      -0.372422330183354     
  0.302332916666667        2.40466333333333      -0.298609321981133     
  0.302332916666667        2.70499625000000      -0.242731274231011     
  0.302332916666667        3.00532916666667      -0.205677780932657     
  0.302332916666667        3.30566208333333      -0.188984037752383     
  0.302332916666667        3.60599500000000      -0.180030065398881     
  0.302332916666667        3.90632791666667      -0.155877617069460     
  0.302332916666667        4.20666083333333      -0.131873286584040     
  0.302332916666667        4.50699375000000      -0.114179794925260     
  0.302332916666667        4.80732666666667      -0.101824344878133     
  0.302332916666667        5.10765958333333      -9.232330652906826E-002
  0.302332916666667        5.40799250000000      -8.507214288408427E-002
  0.302332916666667        5.70832541666667      -8.041032857684925E-002
  0.302332916666667        6.00865833333333      -7.749808677962064E-002
  0.302332916666667        6.30899125000000      -7.492074859136078E-002
  0.302332916666667        6.60932416666667      -7.068739319168582E-002
  0.302332916666667        6.90965708333333      -6.464284784705231E-002
  0.302332916666667        7.20999000000000      -6.216909657345452E-002
  0.602665833333333       2.000000000000000E-003  -1.43688839581987     
  0.602665833333333       0.302332916666667       -1.32275531377439     
  0.602665833333333       0.602665833333333       -1.10549288059716     
  0.602665833333333       0.902998750000000      -0.887814137724727     
  0.602665833333333        1.20333166666667      -0.701417984868912     
  0.602665833333333        1.50366458333333      -0.554386726098354     
  0.602665833333333        1.80399750000000      -0.442132837499716     
  0.602665833333333        2.10433041666667      -0.357166176714442     
  0.602665833333333        2.40466333333333      -0.292847207716817     
  0.602665833333333        2.70499625000000      -0.244197364220257     
  0.602665833333333        3.00532916666667      -0.212149344288097     
  0.602665833333333        3.30566208333333      -0.194642384039385     
  0.602665833333333        3.60599500000000      -0.180996804313964     
  0.602665833333333        3.90632791666667      -0.159647999909977     
  0.602665833333333        4.20666083333333      -0.135919666056153     
  0.602665833333333        4.50699375000000      -0.116956509969604     
  0.602665833333333        4.80732666666667      -0.103671910998538     
  0.602665833333333        5.10765958333333      -9.340232152048791E-002
  0.602665833333333        5.40799250000000      -8.585125931698713E-002
  0.602665833333333        5.70832541666667      -8.078645373985371E-002
  0.602665833333333        6.00865833333333      -7.724283616736285E-002
  0.602665833333333        6.30899125000000      -7.389433570689334E-002
  0.602665833333333        6.60932416666667      -6.943608871262247E-002
  0.602665833333333        6.90965708333333      -6.456709168422860E-002
  0.602665833333333        7.20999000000000      -6.176641791445722E-002
  0.902998750000000       2.000000000000000E-003  -1.08581205851651     
  0.902998750000000       0.302332916666667       -1.02404621826788     
  0.902998750000000       0.602665833333333      -0.887813396119142     
  0.902998750000000       0.902998750000000      -0.739379464506956     
  0.902998750000000        1.20333166666667      -0.605384002151759     
  0.902998750000000        1.50366458333333      -0.493708150726090     
  0.902998750000000        1.80399750000000      -0.404506864385023     
  0.902998750000000        2.10433041666667      -0.334901986195783     
  0.902998750000000        2.40466333333333      -0.281278468689468     
  0.902998750000000        2.70499625000000      -0.240704231970494     
  0.902998750000000        3.00532916666667      -0.212057327304255     
  0.902998750000000        3.30566208333333      -0.192716300032011     
  0.902998750000000        3.60599500000000      -0.175928614342192     
  0.902998750000000        3.90632791666667      -0.156350097526611     
  0.902998750000000        4.20666083333333      -0.135673910671501     
  0.902998750000000        4.50699375000000      -0.118078634117742     
  0.902998750000000        4.80732666666667      -0.104748376171056     
  0.902998750000000        5.10765958333333      -9.455710611154157E-002
  0.902998750000000        5.40799250000000      -8.686371446839428E-002
  0.902998750000000        5.70832541666667      -8.146070343294835E-002
  0.902998750000000        6.00865833333333      -7.737450379489966E-002
  0.902998750000000        6.30899125000000      -7.362074050699828E-002
  0.902998750000000        6.60932416666667      -6.956913956609925E-002
  0.902998750000000        6.90965708333333      -6.551792663771235E-002
  0.902998750000000        7.20999000000000      -6.196930979608355E-002
   1.20333166666667       2.000000000000000E-003 -0.813796353404093     
   1.20333166666667       0.302332916666667      -0.781177342665663     
   1.20333166666667       0.602665833333333      -0.701418120729728     
   1.20333166666667       0.902998750000000      -0.605384214075596     
   1.20333166666667        1.20333166666667      -0.512619362792656     
   1.20333166666667        1.50366458333333      -0.431351053555968     
   1.20333166666667        1.80399750000000      -0.363693999514067     
   1.20333166666667        2.10433041666667      -0.308843633381305     
   1.20333166666667        2.40466333333333      -0.265258060520607     
   1.20333166666667        2.70499625000000      -0.231471144230182     
   1.20333166666667        3.00532916666667      -0.205788663495708     
   1.20333166666667        3.30566208333333      -0.185866411164586     
   1.20333166666667        3.60599500000000      -0.168170407563089     
   1.20333166666667        3.90632791666667      -0.150218274035799     
   1.20333166666667        4.20666083333333      -0.132600795102801     
   1.20333166666667        4.50699375000000      -0.117214668939286     
   1.20333166666667        4.80732666666667      -0.104836893209578     
   1.20333166666667        5.10765958333333      -9.525622629240822E-002
   1.20333166666667        5.40799250000000      -8.786590716329450E-002
   1.20333166666667        5.70832541666667      -8.227743369685581E-002
   1.20333166666667        6.00865833333333      -7.780136929491695E-002
   1.20333166666667        6.30899125000000      -7.374254084127141E-002
   1.20333166666667        6.60932416666667      -6.973418765730921E-002
   1.20333166666667        6.90965708333333      -6.577596595546302E-002
   1.20333166666667        7.20999000000000      -6.191629614187888E-002
   1.50366458333333       2.000000000000000E-003 -0.619220023103217     
   1.50366458333333       0.302332916666667      -0.601127488007781     
   1.50366458333333       0.602665833333333      -0.554387565866396     
   1.50366458333333       0.902998750000000      -0.493708664936772     
   1.50366458333333        1.20333166666667      -0.431351238768176     
   1.50366458333333        1.50366458333333      -0.374039222843146     
   1.50366458333333        1.80399750000000      -0.324107452743097     
   1.50366458333333        2.10433041666667      -0.281847706983402     
   1.50366458333333        2.40466333333333      -0.247111254262981     
   1.50366458333333        2.70499625000000      -0.219093079383831     
   1.50366458333333        3.00532916666667      -0.196448402489699     
   1.50366458333333        3.30566208333333      -0.177456860654807     
   1.50366458333333        3.60599500000000      -0.160359674798818     
   1.50366458333333        3.90632791666667      -0.144117401950293     
   1.50366458333333        4.20666083333333      -0.128884802893455     
   1.50366458333333        4.50699375000000      -0.115436838502310     
   1.50366458333333        4.80732666666667      -0.104310861272730     
   1.50366458333333        5.10765958333333      -9.549368039564597E-002
   1.50366458333333        5.40799250000000      -8.855702498020979E-002
   1.50366458333333        5.70832541666667      -8.296198873190669E-002
   1.50366458333333        6.00865833333333      -7.821344849314185E-002
   1.50366458333333        6.30899125000000      -7.385498617163577E-002
   1.50366458333333        6.60932416666667      -6.965446454289545E-002
   1.50366458333333        6.90965708333333      -6.556589555008974E-002
   1.50366458333333        7.20999000000000      -6.158684250669752E-002
   1.80399750000000       2.000000000000000E-003 -0.479886006358616     
   1.80399750000000       0.302332916666667      -0.469638243748945     
   1.80399750000000       0.602665833333333      -0.442133932118656     
   1.80399750000000       0.902998750000000      -0.404507492353797     
   1.80399750000000        1.20333166666667      -0.363694208089326     
   1.80399750000000        1.50366458333333      -0.324107427073819     
   1.80399750000000        1.80399750000000      -0.287811805925182     
   1.80399750000000        2.10433041666667      -0.255899457235137     
   1.80399750000000        2.40466333333333      -0.228641112759985     
   1.80399750000000        2.70499625000000      -0.205641784915927     
   1.80399750000000        3.00532916666667      -0.186061069964448     
   1.80399750000000        3.30566208333333      -0.168875382923163     
   1.80399750000000        3.60599500000000      -0.153196226787655     
   1.80399750000000        3.90632791666667      -0.138590131703759     
   1.80399750000000        4.20666083333333      -0.125175195218758     
   1.80399750000000        4.50699375000000      -0.113357582223639     
   1.80399750000000        4.80732666666667      -0.103431943257188     
   1.80399750000000        5.10765958333333      -9.535569503625357E-002
   1.80399750000000        5.40799250000000      -8.878056076688154E-002
   1.80399750000000        5.70832541666667      -8.324047480251413E-002
   1.80399750000000        6.00865833333333      -7.832984069090476E-002
   1.80399750000000        6.30899125000000      -7.373184139304161E-002
   1.80399750000000        6.60932416666667      -6.932217759670080E-002
   1.80399750000000        6.90965708333333      -6.509970405065967E-002
   1.80399750000000        7.20999000000000      -6.107457828046865E-002
   2.10433041666667       2.000000000000000E-003 -0.377857091366863     
   2.10433041666667       0.302332916666667      -0.372423625477012     
   2.10433041666667       0.602665833333333      -0.357167142834562     
   2.10433041666667       0.902998750000000      -0.334902444941655     
   2.10433041666667        1.20333166666667      -0.308843665405651     
   2.10433041666667        1.50366458333333      -0.281847549521685     
   2.10433041666667        1.80399750000000      -0.255899333560051     
   2.10433041666667        2.10433041666667      -0.232111462769325     
   2.10433041666667        2.40466333333333      -0.210885353503721     
   2.10433041666667        2.70499625000000      -0.192112430574332     
   2.10433041666667        3.00532916666667      -0.175385720687072     
   2.10433041666667        3.30566208333333      -0.160212353265541     
   2.10433041666667        3.60599500000000      -0.146212335729603     
   2.10433041666667        3.90632791666667      -0.133257290666223     
   2.10433041666667        4.20666083333333      -0.121474816868249     
   2.10433041666667        4.50699375000000      -0.111097423311312     
   2.10433041666667        4.80732666666667      -0.102254071746264     
   2.10433041666667        5.10765958333333      -9.484596487320225E-002
   2.10433041666667        5.40799250000000      -8.857160892810297E-002
   2.10433041666667        5.70832541666667      -8.305948235716996E-002
   2.10433041666667        6.00865833333333      -7.800767230063502E-002
   2.10433041666667        6.30899125000000      -7.324723233920583E-002
   2.10433041666667        6.60932416666667      -6.872265392713428E-002
   2.10433041666667        6.90965708333333      -6.444577403202484E-002
   2.10433041666667        7.20999000000000      -6.044803754830239E-002
   2.40466333333333       2.000000000000000E-003 -0.300130374985630     
   2.40466333333333       0.302332916666667      -0.298609726333142     
   2.40466333333333       0.602665833333333      -0.292847618742585     
   2.40466333333333       0.902998750000000      -0.281278677385134     
   2.40466333333333        1.20333166666667      -0.265258020180990     
   2.40466333333333        1.50366458333333      -0.247111087111470     
   2.40466333333333        1.80399750000000      -0.228640964126720     
   2.40466333333333        2.10433041666667      -0.210885289445032     
   2.40466333333333        2.40466333333333      -0.194294518895809     
   2.40466333333333        2.70499625000000      -0.178953540464218     
   2.40466333333333        3.00532916666667      -0.164763151672397     
   2.40466333333333        3.30566208333333      -0.151579255619636     
   2.40466333333333        3.60599500000000      -0.139312825764175     
   2.40466333333333        3.90632791666667      -0.127983884512653     
   2.40466333333333        4.20666083333333      -0.117707637557148     
   2.40466333333333        4.50699375000000      -0.108609017873525     
   2.40466333333333        4.80732666666667      -0.100713993960401     
   2.40466333333333        5.10765958333333      -9.389167580369041E-002
   2.40466333333333        5.40799250000000      -8.788738011660716E-002
   2.40466333333333        5.70832541666667      -8.242302017524791E-002
   2.40466333333333        6.00865833333333      -7.729889816710517E-002
   2.40466333333333        6.30899125000000      -7.243859837969639E-002
   2.40466333333333        6.60932416666667      -6.786546893529984E-002
   2.40466333333333        6.90965708333333      -6.363980525029889E-002
   2.40466333333333        7.20999000000000      -5.977889252691336E-002
   2.70499625000000       2.000000000000000E-003 -0.241080737265286     
   2.70499625000000       0.302332916666667      -0.242730997627646     
   2.70499625000000       0.602665833333333      -0.244197531076703     
   2.70499625000000       0.902998750000000      -0.240704511272524     
   2.70499625000000        1.20333166666667      -0.231471336308384     
   2.70499625000000        1.50366458333333      -0.219093170653428     
   2.70499625000000        1.80399750000000      -0.205641824413429     
   2.70499625000000        2.10433041666667      -0.192112440224698     
   2.70499625000000        2.40466333333333      -0.178953527294748     
   2.70499625000000        2.70499625000000      -0.166352669464135     
   2.70499625000000        3.00532916666667      -0.154384986757640     
   2.70499625000000        3.30566208333333      -0.143090083108673     
   2.70499625000000        3.60599500000000      -0.132512869738817     
   2.70499625000000        3.90632791666667      -0.122722373561785     
   2.70499625000000        4.20666083333333      -0.113803504483682     
   2.70499625000000        4.50699375000000      -0.105813342584755     
   2.70499625000000        4.80732666666667      -9.872597909120487E-002
   2.70499625000000        5.10765958333333      -9.240985590170224E-002
   2.70499625000000        5.40799250000000      -8.666262459847468E-002
   2.70499625000000        5.70832541666667      -8.128806350461358E-002
   2.70499625000000        6.00865833333333      -7.616834281511016E-002
   2.70499625000000        6.30899125000000      -7.128986293178921E-002
   2.70499625000000        6.60932416666667      -6.671400855133600E-002
   2.70499625000000        6.90965708333333      -6.262446979953083E-002
   2.70499625000000        7.20999000000000      -5.907073307122618E-002
   3.00532916666667       2.000000000000000E-003 -0.200809333020166     
   3.00532916666667       0.302332916666667      -0.205677723321730     
   3.00532916666667       0.602665833333333      -0.212150073191677     
   3.00532916666667       0.902998750000000      -0.212058239354221     
   3.00532916666667        1.20333166666667      -0.205789434874790     
   3.00532916666667        1.50366458333333      -0.196449015488770     
   3.00532916666667        1.80399750000000      -0.186061494173954     
   3.00532916666667        2.10433041666667      -0.175385920440033     
   3.00532916666667        2.40466333333333      -0.164763146116769     
   3.00532916666667        2.70499625000000      -0.154384889353749     
   3.00532916666667        3.00532916666667      -0.144380649834604     
   3.00532916666667        3.30566208333333      -0.134844932755579     
   3.00532916666667        3.60599500000000      -0.125849095934685     
   3.00532916666667        3.90632791666667      -0.117454148514484     
   3.00532916666667        4.20666083333333      -0.109714691368218     
   3.00532916666667        4.50699375000000      -0.102655898712710     
   3.00532916666667        4.80732666666667      -9.624107799783388E-002
   3.00532916666667        5.10765958333333      -9.036246316681834E-002
   3.00532916666667        5.40799250000000      -8.487162250332678E-002
   3.00532916666667        5.70832541666667      -7.963777794446053E-002
   3.00532916666667        6.00865833333333      -7.459679530945094E-002
   3.00532916666667        6.30899125000000      -6.973753223033181E-002
   3.00532916666667        6.60932416666667      -6.519857701179901E-002
   3.00532916666667        6.90965708333333      -6.140502361578623E-002
   3.00532916666667        7.20999000000000      -5.839829058440078E-002
   3.30566208333333       2.000000000000000E-003 -0.183057842142538     
   3.30566208333333       0.302332916666667      -0.188985081210246     
   3.30566208333333       0.602665833333333      -0.194644087986332     
   3.30566208333333       0.902998750000000      -0.192717992276106     
   3.30566208333333        1.20333166666667      -0.185867892410505     
   3.30566208333333        1.50366458333333      -0.177458094434897     
   3.30566208333333        1.80399750000000      -0.168876261244096     
   3.30566208333333        2.10433041666667      -0.160212770352708     
   3.30566208333333        2.40466333333333      -0.151579227101116     
   3.30566208333333        2.70499625000000      -0.143089783046118     
   3.30566208333333        3.00532916666667      -0.134844643048623     
   3.30566208333333        3.30566208333333      -0.126915774645702     
   3.30566208333333        3.60599500000000      -0.119345985293375     
   3.30566208333333        3.90632791666667      -0.112167655222664     
   3.30566208333333        4.20666083333333      -0.105419986332521     
   3.30566208333333        4.50699375000000      -9.912767607603057E-002
   3.30566208333333        4.80732666666667      -9.327073109402689E-002
   3.30566208333333        5.10765958333333      -8.777792672955947E-002
   3.30566208333333        5.40799250000000      -8.255078405905086E-002
   3.30566208333333        5.70832541666667      -7.750828895476784E-002
   3.30566208333333        6.00865833333333      -7.261647007533109E-002
   3.30566208333333        6.30899125000000      -6.784671644405238E-002
   3.30566208333333        6.60932416666667      -6.346347599720700E-002
   3.30566208333333        6.90965708333333      -6.015956533636165E-002
   3.30566208333333        7.20999000000000      -5.780224349619099E-002
   3.60599500000000       2.000000000000000E-003 -0.178212389077394     
   3.60599500000000       0.302332916666667      -0.180031890029538     
   3.60599500000000       0.602665833333333      -0.180998718384451     
   3.60599500000000       0.902998750000000      -0.175930516540854     
   3.60599500000000        1.20333166666667      -0.168172329092815     
   3.60599500000000        1.50366458333333      -0.160361396060984     
   3.60599500000000        1.80399750000000      -0.153197467272699     
   3.60599500000000        2.10433041666667      -0.146212901735185     
   3.60599500000000        2.40466333333333      -0.139312715521952     
   3.60599500000000        2.70499625000000      -0.132512294851477     
   3.60599500000000        3.00532916666667      -0.125848404894811     
   3.60599500000000        3.30566208333333      -0.119345527312548     
   3.60599500000000        3.60599500000000      -0.113010794275726     
   3.60599500000000        3.90632791666667      -0.106857834467095     
   3.60599500000000        4.20666083333333      -0.100929329427443     
   3.60599500000000        4.50699375000000      -9.526869587799763E-002
   3.60599500000000        4.80732666666667      -8.988473374674938E-002
   3.60599500000000        5.10765958333333      -8.474391067331809E-002
   3.60599500000000        5.40799250000000      -7.978987034635412E-002
   3.60599500000000        5.70832541666667      -7.498083651056506E-002
   3.60599500000000        6.00865833333333      -7.031013018874543E-002
   3.60599500000000        6.30899125000000      -6.579551961897370E-002
   3.60599500000000        6.60932416666667      -6.178184681733161E-002
   3.60599500000000        6.90965708333333      -5.902179935207162E-002
   3.60599500000000        7.20999000000000      -5.687127392121668E-002
   3.90632791666667       2.000000000000000E-003 -0.149620246437904     
   3.90632791666667       0.302332916666667      -0.155877184571666     
   3.90632791666667       0.602665833333333      -0.159648579113601     
   3.90632791666667       0.902998750000000      -0.156351513650668     
   3.90632791666667        1.20333166666667      -0.150220250484100     
   3.90632791666667        1.50366458333333      -0.144119336392415     
   3.90632791666667        1.80399750000000      -0.138591535002755     
   3.90632791666667        2.10433041666667      -0.133257885628036     
   3.90632791666667        2.40466333333333      -0.127983645734546     
   3.90632791666667        2.70499625000000      -0.122721524220745     
   3.90632791666667        3.00532916666667      -0.117453067416540     
   3.90632791666667        3.30566208333333      -0.112166729540709     
   3.90632791666667        3.60599500000000      -0.106857328781124     
   3.90632791666667        3.90632791666667      -0.101545890854057     
   3.90632791666667        4.20666083333333      -9.629171129077597E-002
   3.90632791666667        4.50699375000000      -9.116184567853056E-002
   3.90632791666667        4.80732666666667      -8.619332084857750E-002
   3.90632791666667        5.10765958333333      -8.138322730272478E-002
   3.90632791666667        5.40799250000000      -7.670713363923339E-002
   3.90632791666667        5.70832541666667      -7.215542208001026E-002
   3.90632791666667        6.00865833333333      -6.775991146112290E-002
   3.90632791666667        6.30899125000000      -6.361744553795647E-002
   3.90632791666667        6.60932416666667      -6.008182748710563E-002
   3.90632791666667        6.90965708333333      -5.756001697242011E-002
   3.90632791666667        7.20999000000000      -5.533158483685455E-002
   4.20666083333333       2.000000000000000E-003 -0.128384931965609     
   4.20666083333333       0.302332916666667      -0.131871069882600     
   4.20666083333333       0.602665833333333      -0.135919147354146     
   4.20666083333333       0.902998750000000      -0.135674880505580     
   4.20666083333333        1.20333166666667      -0.132602641447428     
   4.20666083333333        1.50366458333333      -0.128886685670528     
   4.20666083333333        1.80399750000000      -0.125176549451102     
   4.20666083333333        2.10433041666667      -0.121475327841045     
   4.20666083333333        2.40466333333333      -0.117707261036935     
   4.20666083333333        2.70499625000000      -0.113802451701290     
   4.20666083333333        3.00532916666667      -0.109713333736953     
   4.20666083333333        3.30566208333333      -0.105418711952455     
   4.20666083333333        3.60599500000000      -0.100928416583804     
   4.20666083333333        3.90632791666667      -9.629127195503800E-002
   4.20666083333333        4.20666083333333      -9.159074334108878E-002
   4.20666083333333        4.50699375000000      -8.691474808172958E-002
   4.20666083333333        4.80732666666667      -8.232051728264815E-002
   4.20666083333333        5.10765958333333      -7.782440074128122E-002
   4.20666083333333        5.40799250000000      -7.342244268163002E-002
   4.20666083333333        5.70832541666667      -6.912839141087067E-002
   4.20666083333333        6.00865833333333      -6.500522800318910E-002
   4.20666083333333        6.30899125000000      -6.118578097889141E-002
   4.20666083333333        6.60932416666667      -5.795096017703979E-002
   4.20666083333333        6.90965708333333      -5.546446722767641E-002
   4.20666083333333        7.20999000000000      -5.322939975983909E-002
   4.50699375000000       2.000000000000000E-003 -0.112502144009332     
   4.50699375000000       0.302332916666667      -0.114178129211351     
   4.50699375000000       0.602665833333333      -0.116956188883126     
   4.50699375000000       0.902998750000000      -0.118079624058313     
   4.50699375000000        1.20333166666667      -0.117216324589722     
   4.50699375000000        1.50366458333333      -0.115438490948865     
   4.50699375000000        1.80399750000000      -0.113358737478765     
   4.50699375000000        2.10433041666667      -0.111097784994669     
   4.50699375000000        2.40466333333333      -0.108608532848812     
   4.50699375000000        2.70499625000000      -0.105812193521147     
   4.50699375000000        3.00532916666667      -0.102654420428391     
   4.50699375000000        3.30566208333333      -9.912622726144475E-002
   4.50699375000000        3.60599500000000      -9.526754442973860E-002
   4.50699375000000        3.90632791666667      -9.116111467427257E-002
   4.50699375000000        4.20666083333333      -8.691442871610561E-002
   4.50699375000000        4.50699375000000      -8.262989070880136E-002
   4.50699375000000        4.80732666666667      -7.837489987941551E-002
   4.50699375000000        5.10765958333333      -7.417474218863354E-002
   4.50699375000000        5.40799250000000      -7.003618688646507E-002
   4.50699375000000        5.70832541666667      -6.598568786628335E-002
   4.50699375000000        6.00865833333333      -6.209637793150882E-002
   4.50699375000000        6.30899125000000      -5.848787323169707E-002
   4.50699375000000        6.60932416666667      -5.532213230257824E-002
   4.50699375000000        6.90965708333333      -5.266334683424524E-002
   4.50699375000000        7.20999000000000      -5.020932197996532E-002
   4.80732666666667       2.000000000000000E-003 -0.100864533903512     
   4.80732666666667       0.302332916666667      -0.101824147613060     
   4.80732666666667       0.602665833333333      -0.103672402628122     
   4.80732666666667       0.902998750000000      -0.104749490545959     
   4.80732666666667        1.20333166666667      -0.104838315391191     
   4.80732666666667        1.50366458333333      -0.104312203106828     
   4.80732666666667        1.80399750000000      -0.103432840518512     
   4.80732666666667        2.10433041666667      -0.102254278139239     
   4.80732666666667        2.40466333333333      -0.100713454418813     
   4.80732666666667        2.70499625000000      -9.872483990995959E-002
   4.80732666666667        3.00532916666667      -9.623962285601753E-002
   4.80732666666667        3.30566208333333      -9.326927312297746E-002
   4.80732666666667        3.60599500000000      -8.988351541174458E-002
   4.80732666666667        3.90632791666667      -8.619246352321663E-002
   4.80732666666667        4.20666083333333      -8.232002775465773E-002
   4.80732666666667        4.50699375000000      -7.837470838581005E-002
   4.80732666666667        4.80732666666667      -7.442613404211673E-002
   4.80732666666667        5.10765958333333      -7.050276464086588E-002
   4.80732666666667        5.40799250000000      -6.661653043651522E-002
   4.80732666666667        5.70832541666667      -6.279703061234218E-002
   4.80732666666667        6.00865833333333      -5.911055099004143E-002
   4.80732666666667        6.30899125000000      -5.565053626611210E-002
   4.80732666666667        6.60932416666667      -5.250251271682810E-002
   4.80732666666667        6.90965708333333      -4.968782491000460E-002
   4.80732666666667        7.20999000000000      -4.710311925661292E-002
   5.10765958333333       2.000000000000000E-003 -9.181083183390507E-002
   5.10765958333333       0.302332916666667      -9.232436007335035E-002
   5.10765958333333       0.602665833333333      -9.340343505563617E-002
   5.10765958333333       0.902998750000000      -9.455826170778601E-002
   5.10765958333333        1.20333166666667      -9.525739650629372E-002
   5.10765958333333        1.50366458333333      -9.549471178962585E-002
   5.10765958333333        1.80399750000000      -9.535635494782084E-002
   5.10765958333333        2.10433041666667      -9.484605980752678E-002
   5.10765958333333        2.40466333333333      -9.389114920276145E-002
   5.10765958333333        2.70499625000000      -9.240881780732402E-002
   5.10765958333333        3.00532916666667      -9.036114585192863E-002
   5.10765958333333        3.30566208333333      -8.777659534621400E-002
   5.10765958333333        3.60599500000000      -8.474277590948977E-002
   5.10765958333333        3.90632791666667      -8.138239876929705E-002
   5.10765958333333        4.20666083333333      -7.782388981644116E-002
   5.10765958333333        4.50699375000000      -7.417449362854607E-002
   5.10765958333333        4.80732666666667      -7.050269016385592E-002
   5.10765958333333        5.10765958333333      -6.683934583804686E-002
   5.10765958333333        5.40799250000000      -6.319914352489073E-002
   5.10765958333333        5.70832541666667      -5.960707910963398E-002
   5.10765958333333        6.00865833333333      -5.610981664239156E-002
   5.10765958333333        6.30899125000000      -5.276618708104666E-002
   5.10765958333333        6.60932416666667      -4.963391602033947E-002
   5.10765958333333        6.90965708333333      -4.677832454395046E-002
   5.10765958333333        7.20999000000000      -4.418843846262436E-002
   5.40799250000000       2.000000000000000E-003 -8.479944079521347E-002
   5.40799250000000       0.302332916666667      -8.507364539710573E-002
   5.40799250000000       0.602665833333333      -8.585255690093889E-002
   5.40799250000000       0.902998750000000      -8.686478610322963E-002
   5.40799250000000        1.20333166666667      -8.786679916054189E-002
   5.40799250000000        1.50366458333333      -8.855777846795392E-002
   5.40799250000000        1.80399750000000      -8.878105062892332E-002
   5.40799250000000        2.10433041666667      -8.857166980330050E-002
   5.40799250000000        2.40466333333333      -8.788694672981366E-002
   5.40799250000000        2.70499625000000      -8.666177584110779E-002
   5.40799250000000        3.00532916666667      -8.487054831852590E-002
   5.40799250000000        3.30566208333333      -8.254970673653611E-002
   5.40799250000000        3.60599500000000      -7.978896472617095E-002
   5.40799250000000        3.90632791666667      -7.670648528975321E-002
   5.40799250000000        4.20666083333333      -7.342205428190479E-002
   5.40799250000000        4.50699375000000      -7.003601009138657E-002
   5.40799250000000        4.80732666666667      -6.661649417381119E-002
   5.40799250000000        5.10765958333333      -6.319916774654757E-002
   5.40799250000000        5.40799250000000      -5.980115480322735E-002
   5.40799250000000        5.70832541666667      -5.643779161337119E-002
   5.40799250000000        6.00865833333333      -5.312493064555742E-002
   5.40799250000000        6.30899125000000      -4.989218414332994E-002
   5.40799250000000        6.60932416666667      -4.681576256231524E-002
   5.40799250000000        6.90965708333333      -4.398283478344282E-002
   5.40799250000000        7.20999000000000      -4.146834342077430E-002
   5.70832541666667       2.000000000000000E-003 -8.030617080855963E-002
   5.70832541666667       0.302332916666667      -8.041197798959449E-002
   5.70832541666667       0.602665833333333      -8.078775696267250E-002
   5.70832541666667       0.902998750000000      -8.146164306578527E-002
   5.70832541666667        1.20333166666667      -8.227810877356445E-002
   5.70832541666667        1.50366458333333      -8.296251656324628E-002
   5.70832541666667        1.80399750000000      -8.324088406707598E-002
   5.70832541666667        2.10433041666667      -8.305960813194069E-002
   5.70832541666667        2.40466333333333      -8.242277580087089E-002
   5.70832541666667        2.70499625000000      -8.128750645871857E-002
   5.70832541666667        3.00532916666667      -7.963707140418687E-002
   5.70832541666667        3.30566208333333      -7.750762080706441E-002
   5.70832541666667        3.60599500000000      -7.498033609298521E-002
   5.70832541666667        3.90632791666667      -7.215512489348844E-002
   5.70832541666667        4.20666083333333      -6.912826925142329E-002
   5.70832541666667        4.50699375000000      -6.598569615826413E-002
   5.70832541666667        4.80732666666667      -6.279712552019925E-002
   5.70832541666667        5.10765958333333      -5.960721231408843E-002
   5.70832541666667        5.40799250000000      -5.643790143600225E-002
   5.70832541666667        5.70832541666667      -5.329567872159970E-002
   5.70832541666667        6.00865833333333      -5.015904848997779E-002
   5.70832541666667        6.30899125000000      -4.703823406486785E-002
   5.70832541666667        6.60932416666667      -4.400651633635487E-002
   5.70832541666667        6.90965708333333      -4.119789327763104E-002
   5.70832541666667        7.20999000000000      -3.876095836708600E-002
   6.00865833333333       2.000000000000000E-003 -7.771219134690037E-002
   6.00865833333333       0.302332916666667      -7.749990193225813E-002
   6.00865833333333       0.602665833333333      -7.724422307108615E-002
   6.00865833333333       0.902998750000000      -7.737547529354832E-002
   6.00865833333333        1.20333166666667      -7.780206356372843E-002
   6.00865833333333        1.50366458333333      -7.821399364718216E-002
   6.00865833333333        1.80399750000000      -7.833030464280419E-002
   6.00865833333333        2.10433041666667      -7.800797753816098E-002
   6.00865833333333        2.40466333333333      -7.729894520454680E-002
   6.00865833333333        2.70499625000000      -7.616819045408406E-002
   6.00865833333333        3.00532916666667      -7.459661057972064E-002
   6.00865833333333        3.30566208333333      -7.261643143531282E-002
   6.00865833333333        3.60599500000000      -7.031030486933007E-002
   6.00865833333333        3.90632791666667      -6.776020421624876E-002
   6.00865833333333        4.20666083333333      -6.500552381468565E-002
   6.00865833333333        4.50699375000000      -6.209665173786332E-002
   6.00865833333333        4.80732666666667      -5.911082747860710E-002
   6.00865833333333        5.10765958333333      -5.611010998189171E-002
   6.00865833333333        5.40799250000000      -5.312522344341040E-002
   6.00865833333333        5.70832541666667      -5.015924632029310E-002
   6.00865833333333        6.00865833333333      -4.716014115315297E-002
   6.00865833333333        6.30899125000000      -4.410009431256533E-002
   6.00865833333333        6.60932416666667      -4.103982368805778E-002
   6.00865833333333        6.90965708333333      -3.817905744815896E-002
   6.00865833333333        7.20999000000000      -3.580030845214607E-002
   6.30899125000000       2.000000000000000E-003 -7.571233750752765E-002
   6.30899125000000       0.302332916666667      -7.492289063280712E-002
   6.30899125000000       0.602665833333333      -7.389599067441033E-002
   6.30899125000000       0.902998750000000      -7.362196261401548E-002
   6.30899125000000        1.20333166666667      -7.374349501790327E-002
   6.30899125000000        1.50366458333333      -7.385579042055965E-002
   6.30899125000000        1.80399750000000      -7.373256051096110E-002
   6.30899125000000        2.10433041666667      -7.324783123038150E-002
   6.30899125000000        2.40466333333333      -7.243901422461629E-002
   6.30899125000000        2.70499625000000      -7.129020256719396E-002
   6.30899125000000        3.00532916666667      -6.973802078464765E-002
   6.30899125000000        3.30566208333333      -6.784756014747061E-002
   6.30899125000000        3.60599500000000      -6.579662700227512E-002
   6.30899125000000        3.90632791666667      -6.361852112134463E-002
   6.30899125000000        4.20666083333333      -6.118660178405608E-002
   6.30899125000000        4.50699375000000      -5.848843320539350E-002
   6.30899125000000        4.80732666666667      -5.565097768316163E-002
   6.30899125000000        5.10765958333333      -5.276663677280368E-002
   6.30899125000000        5.40799250000000      -4.989266490465241E-002
   6.30899125000000        5.70832541666667      -4.703864137752661E-002
   6.30899125000000        6.00865833333333      -4.410031284861923E-002
   6.30899125000000        6.30899125000000      -4.098430661389928E-002
   6.30899125000000        6.60932416666667      -3.771359800174851E-002
   6.30899125000000        6.90965708333333      -3.460635881003722E-002
   6.30899125000000        7.20999000000000      -3.223370566524419E-002
   6.60932416666667       2.000000000000000E-003 -7.253952247806625E-002
   6.60932416666667       0.302332916666667      -7.069019806964026E-002
   6.60932416666667       0.602665833333333      -6.943822180980697E-002
   6.60932416666667       0.902998750000000      -6.957075834260668E-002
   6.60932416666667        1.20333166666667      -6.973551999977959E-002
   6.60932416666667        1.50366458333333      -6.965562134619344E-002
   6.60932416666667        1.80399750000000      -6.932322593124743E-002
   6.60932416666667        2.10433041666667      -6.872360206602787E-002
   6.60932416666667        2.40466333333333      -6.786625598973327E-002
   6.60932416666667        2.70499625000000      -6.671479005299884E-002
   6.60932416666667        3.00532916666667      -6.519960377812346E-002
   6.60932416666667        3.30566208333333      -6.346487235813447E-002
   6.60932416666667        3.60599500000000      -6.178333395728659E-002
   6.60932416666667        3.90632791666667      -6.008310996428705E-002
   6.60932416666667        4.20666083333333      -5.795188602657832E-002
   6.60932416666667        4.50699375000000      -5.532277758260528E-002
   6.60932416666667        4.80732666666667      -5.250302511155031E-002
   6.60932416666667        5.10765958333333      -4.963445800802645E-002
   6.60932416666667        5.40799250000000      -4.681635814719625E-002
   6.60932416666667        5.70832541666667      -4.400705682966145E-002
   6.60932416666667        6.00865833333333      -4.104017125840526E-002
   6.60932416666667        6.30899125000000      -3.771368800535418E-002
   6.60932416666667        6.60932416666667      -3.395391703927386E-002
   6.60932416666667        6.90965708333333      -3.027429431185128E-002
   6.60932416666667        7.20999000000000      -2.785640872367971E-002
   6.90965708333333       2.000000000000000E-003 -6.736636029604727E-002
   6.90965708333333       0.302332916666667      -6.464632699321671E-002
   6.90965708333333       0.602665833333333      -6.456950580239985E-002
   6.90965708333333       0.902998750000000      -6.551981356496703E-002
   6.90965708333333        1.20333166666667      -6.577758854234965E-002
   6.90965708333333        1.50366458333333      -6.556732666991424E-002
   6.90965708333333        1.80399750000000      -6.510100598207162E-002
   6.90965708333333        2.10433041666667      -6.444698692016584E-002
   6.90965708333333        2.40466333333333      -6.364086296061512E-002
   6.90965708333333        2.70499625000000      -6.262546668038065E-002
   6.90965708333333        3.00532916666667      -6.140608842966759E-002
   6.90965708333333        3.30566208333333      -6.016067054949956E-002
   6.90965708333333        3.60599500000000      -5.902263282254748E-002
   6.90965708333333        3.90632791666667      -5.756065723078271E-002
   6.90965708333333        4.20666083333333      -5.546493556451704E-002
   6.90965708333333        4.50699375000000      -5.266374654892064E-002
   6.90965708333333        4.80732666666667      -4.968828406788611E-002
   6.90965708333333        5.10765958333333      -4.677887754748303E-002
   6.90965708333333        5.40799250000000      -4.398346173428256E-002
   6.90965708333333        5.70832541666667      -4.119846586524013E-002
   6.90965708333333        6.00865833333333      -3.817940877585738E-002
   6.90965708333333        6.30899125000000      -3.460634596828822E-002
   6.90965708333333        6.60932416666667      -3.027397060144599E-002
   6.90965708333333        6.90965708333333      -2.605367530886081E-002
   6.90965708333333        7.20999000000000      -2.372025430892121E-002
   7.20999000000000       2.000000000000000E-003 -6.221061674024726E-002
   7.20999000000000       0.302332916666667      -6.217132996046690E-002
   7.20999000000000       0.602665833333333      -6.176836218020908E-002
   7.20999000000000       0.902998750000000      -6.197119096067553E-002
   7.20999000000000        1.20333166666667      -6.191805314140993E-002
   7.20999000000000        1.50366458333333      -6.158842289591972E-002
   7.20999000000000        1.80399750000000      -6.107601875507847E-002
   7.20999000000000        2.10433041666667      -6.044939753064860E-002
   7.20999000000000        2.40466333333333      -5.978009851073187E-002
   7.20999000000000        2.70499625000000      -5.907176744822611E-002
   7.20999000000000        3.00532916666667      -5.839902072466652E-002
   7.20999000000000        3.30566208333333      -5.780262384611579E-002
   7.20999000000000        3.60599500000000      -5.687145018075330E-002
   7.20999000000000        3.90632791666667      -5.533160793030413E-002
   7.20999000000000        4.20666083333333      -5.322944656590205E-002
   7.20999000000000        4.50699375000000      -5.020954987603623E-002
   7.20999000000000        4.80732666666667      -4.710353439807528E-002
   7.20999000000000        5.10765958333333      -4.418900816711599E-002
   7.20999000000000        5.40799250000000      -4.146898358739906E-002
   7.20999000000000        5.70832541666667      -3.876153181431239E-002
   7.20999000000000        6.00865833333333      -3.580064791155110E-002
   7.20999000000000        6.30899125000000      -3.223365624615300E-002
   7.20999000000000        6.60932416666667      -2.785592997369956E-002
   7.20999000000000        6.90965708333333      -2.371974374165759E-002
   7.20999000000000        7.20999000000000      -2.181213649361052E-002
