  2.000000000000000E-003  2.000000000000000E-003 -0.287811805925180     
  2.000000000000000E-003  0.302332916666667      -0.292442699593409     
  2.000000000000000E-003  0.602665833333333      -0.297979717661308     
  2.000000000000000E-003  0.902998750000000      -0.306261120021037     
  2.000000000000000E-003   1.20333166666667      -0.312539844191243     
  2.000000000000000E-003   1.50366458333333      -0.314511546335673     
  2.000000000000000E-003   1.80399750000000      -0.311627891264046     
  2.000000000000000E-003   2.10433041666667      -0.304625779151544     
  2.000000000000000E-003   2.40466333333333      -0.295171972215866     
  2.000000000000000E-003   2.70499625000000      -0.283807413035606     
  2.000000000000000E-003   3.00532916666667      -0.271908025454147     
  2.000000000000000E-003   3.30566208333333      -0.264408032954098     
  2.000000000000000E-003   3.60599500000000      -0.253146402796983     
  2.000000000000000E-003   3.90632791666667      -0.235212599398855     
  2.000000000000000E-003   4.20666083333333      -0.213091641723002     
  2.000000000000000E-003   4.50699375000000      -0.185357356056328     
  2.000000000000000E-003   4.80732666666667      -0.160232356202969     
  2.000000000000000E-003   5.10765958333333      -0.140212108731790     
  2.000000000000000E-003   5.40799250000000      -0.125517792063065     
  2.000000000000000E-003   5.70832541666667      -0.115247942355152     
  2.000000000000000E-003   6.00865833333333      -0.108449863644959     
  2.000000000000000E-003   6.30899125000000      -0.103866611992950     
  2.000000000000000E-003   6.60932416666667      -9.976792842239296E-002
  2.000000000000000E-003   6.90965708333333      -9.425903067121785E-002
  2.000000000000000E-003   7.20999000000000      -8.876954736858278E-002
  0.302332916666667       2.000000000000000E-003 -0.292437780003135     
  0.302332916666667       0.302332916666667      -0.284015139375142     
  0.302332916666667       0.602665833333333      -0.308437617377875     
  0.302332916666667       0.902998750000000      -0.336199598531545     
  0.302332916666667        1.20333166666667      -0.351218924493938     
  0.302332916666667        1.50366458333333      -0.355773776205075     
  0.302332916666667        1.80399750000000      -0.352638260849518     
  0.302332916666667        2.10433041666667      -0.343489664588239     
  0.302332916666667        2.40466333333333      -0.331458937056406     
  0.302332916666667        2.70499625000000      -0.316516465237677     
  0.302332916666667        3.00532916666667      -0.296569771342277     
  0.302332916666667        3.30566208333333      -0.277590275238915     
  0.302332916666667        3.60599500000000      -0.263832951112196     
  0.302332916666667        3.90632791666667      -0.246199527694778     
  0.302332916666667        4.20666083333333      -0.221719868613685     
  0.302332916666667        4.50699375000000      -0.193888742167874     
  0.302332916666667        4.80732666666667      -0.168663649620345     
  0.302332916666667        5.10765958333333      -0.148186669476054     
  0.302332916666667        5.40799250000000      -0.132593476871832     
  0.302332916666667        5.70832541666667      -0.121187731804265     
  0.302332916666667        6.00865833333333      -0.112955016261737     
  0.302332916666667        6.30899125000000      -0.106617488239344     
  0.302332916666667        6.60932416666667      -0.100467188909050     
  0.302332916666667        6.90965708333333      -9.415487448145468E-002
  0.302332916666667        7.20999000000000      -8.756144468127416E-002
  0.602665833333333       2.000000000000000E-003 -0.297974003390482     
  0.602665833333333       0.302332916666667      -0.308435529869776     
  0.602665833333333       0.602665833333333      -0.337317807092113     
  0.602665833333333       0.902998750000000      -0.369408472861412     
  0.602665833333333        1.20333166666667      -0.388781841052430     
  0.602665833333333        1.50366458333333      -0.395449163205533     
  0.602665833333333        1.80399750000000      -0.392157072465044     
  0.602665833333333        2.10433041666667      -0.381304851823680     
  0.602665833333333        2.40466333333333      -0.366659695811215     
  0.602665833333333        2.70499625000000      -0.350255515522461     
  0.602665833333333        3.00532916666667      -0.326089940263822     
  0.602665833333333        3.30566208333333      -0.298265306243297     
  0.602665833333333        3.60599500000000      -0.272869168975563     
  0.602665833333333        3.90632791666667      -0.249278216371270     
  0.602665833333333        4.20666083333333      -0.223752442532316     
  0.602665833333333        4.50699375000000      -0.197584529403720     
  0.602665833333333        4.80732666666667      -0.174202825452192     
  0.602665833333333        5.10765958333333      -0.154547540641518     
  0.602665833333333        5.40799250000000      -0.138827577368781     
  0.602665833333333        5.70832541666667      -0.126766666988311     
  0.602665833333333        6.00865833333333      -0.117544423201071     
  0.602665833333333        6.30899125000000      -0.110073278011189     
  0.602665833333333        6.60932416666667      -0.102978508802575     
  0.602665833333333        6.90965708333333      -9.497632879953435E-002
  0.602665833333333        7.20999000000000      -8.615176102560174E-002
  0.902998750000000       2.000000000000000E-003 -0.306257563916973     
  0.902998750000000       0.302332916666667      -0.336198684857848     
  0.902998750000000       0.602665833333333      -0.369409374706017     
  0.902998750000000       0.902998750000000      -0.400320830944065     
  0.902998750000000        1.20333166666667      -0.420709266414665     
  0.902998750000000        1.50366458333333      -0.428733499889474     
  0.902998750000000        1.80399750000000      -0.425558703161539     
  0.902998750000000        2.10433041666667      -0.413148445702306     
  0.902998750000000        2.40466333333333      -0.397810694465263     
  0.902998750000000        2.70499625000000      -0.378756027664247     
  0.902998750000000        3.00532916666667      -0.352812266514262     
  0.902998750000000        3.30566208333333      -0.320458690759477     
  0.902998750000000        3.60599500000000      -0.287014786118907     
  0.902998750000000        3.90632791666667      -0.255693723039567     
  0.902998750000000        4.20666083333333      -0.226802986045301     
  0.902998750000000        4.50699375000000      -0.200844057698394     
  0.902998750000000        4.80732666666667      -0.178627613727769     
  0.902998750000000        5.10765958333333      -0.159802313463601     
  0.902998750000000        5.40799250000000      -0.144132447140293     
  0.902998750000000        5.70832541666667      -0.131686985373268     
  0.902998750000000        6.00865833333333      -0.121741151119712     
  0.902998750000000        6.30899125000000      -0.113385189661483     
  0.902998750000000        6.60932416666667      -0.105477313260882     
  0.902998750000000        6.90965708333333      -9.687573162914333E-002
  0.902998750000000        7.20999000000000      -8.791087100522428E-002
   1.20333166666667       2.000000000000000E-003 -0.312537588882441     
   1.20333166666667       0.302332916666667      -0.351220483363986     
   1.20333166666667       0.602665833333333      -0.388786088108814     
   1.20333166666667       0.902998750000000      -0.420713127764122     
   1.20333166666667        1.20333166666667      -0.442190443681304     
   1.20333166666667        1.50366458333333      -0.451359002215439     
   1.20333166666667        1.80399750000000      -0.448212449852707     
   1.20333166666667        2.10433041666667      -0.436935156371577     
   1.20333166666667        2.40466333333333      -0.421819625914641     
   1.20333166666667        2.70499625000000      -0.399576296985094     
   1.20333166666667        3.00532916666667      -0.370029133378917     
   1.20333166666667        3.30566208333333      -0.335209072750537     
   1.20333166666667        3.60599500000000      -0.298192146912640     
   1.20333166666667        3.90632791666667      -0.262790054863509     
   1.20333166666667        4.20666083333333      -0.231403046060457     
   1.20333166666667        4.50699375000000      -0.204837219263787     
   1.20333166666667        4.80732666666667      -0.182669137832690     
   1.20333166666667        5.10765958333333      -0.164122012665445     
   1.20333166666667        5.40799250000000      -0.148550860360723     
   1.20333166666667        5.70832541666667      -0.135750202974782     
   1.20333166666667        6.00865833333333      -0.125133346927363     
   1.20333166666667        6.30899125000000      -0.115911693656931     
   1.20333166666667        6.60932416666667      -0.107232420606218     
   1.20333166666667        6.90965708333333      -9.842261346637815E-002
   1.20333166666667        7.20999000000000      -8.964854365840497E-002
   1.50366458333333       2.000000000000000E-003 -0.314509829011650     
   1.50366458333333       0.302332916666667      -0.355777861962849     
   1.50366458333333       0.602665833333333      -0.395457523961849     
   1.50366458333333       0.902998750000000      -0.428742493367740     
   1.50366458333333        1.20333166666667      -0.451364568671007     
   1.50366458333333        1.50366458333333      -0.460946591392699     
   1.50366458333333        1.80399750000000      -0.458858989232341     
   1.50366458333333        2.10433041666667      -0.451088392801241     
   1.50366458333333        2.40466333333333      -0.435705840268479     
   1.50366458333333        2.70499625000000      -0.411281888543285     
   1.50366458333333        3.00532916666667      -0.379005869492570     
   1.50366458333333        3.30566208333333      -0.341893359121146     
   1.50366458333333        3.60599500000000      -0.303613574957495     
   1.50366458333333        3.90632791666667      -0.267453880438775     
   1.50366458333333        4.20666083333333      -0.235533820348598     
   1.50366458333333        4.50699375000000      -0.208550858912303     
   1.50366458333333        4.80732666666667      -0.186165379783569     
   1.50366458333333        5.10765958333333      -0.167589276114082     
   1.50366458333333        5.40799250000000      -0.152032395412795     
   1.50366458333333        5.70832541666667      -0.138910499097401     
   1.50366458333333        6.00865833333333      -0.127683029851068     
   1.50366458333333        6.30899125000000      -0.117694243335964     
   1.50366458333333        6.60932416666667      -0.108376158028795     
   1.50366458333333        6.90965708333333      -9.937637441842727E-002
   1.50366458333333        7.20999000000000      -9.074788632873479E-002
   1.80399750000000       2.000000000000000E-003 -0.311626439798109     
   1.80399750000000       0.302332916666667      -0.352644231078037     
   1.80399750000000       0.602665833333333      -0.392168588689200     
   1.80399750000000       0.902998750000000      -0.425571645760518     
   1.80399750000000        1.20333166666667      -0.448222310670076     
   1.80399750000000        1.50366458333333      -0.458863428721709     
   1.80399750000000        1.80399750000000      -0.461134364408516     
   1.80399750000000        2.10433041666667      -0.454378253137644     
   1.80399750000000        2.40466333333333      -0.437666705478048     
   1.80399750000000        2.70499625000000      -0.411622855974892     
   1.80399750000000        3.00532916666667      -0.378509933304452     
   1.80399750000000        3.30566208333333      -0.341566418554645     
   1.80399750000000        3.60599500000000      -0.304129465102069     
   1.80399750000000        3.90632791666667      -0.268918384363164     
   1.80399750000000        4.20666083333333      -0.237635096338518     
   1.80399750000000        4.50699375000000      -0.210925691427034     
   1.80399750000000        4.80732666666667      -0.188620490720151     
   1.80399750000000        5.10765958333333      -0.170078628489487     
   1.80399750000000        5.40799250000000      -0.154502638655115     
   1.80399750000000        5.70832541666667      -0.141154919160805     
   1.80399750000000        6.00865833333333      -0.129438200994094     
   1.80399750000000        6.30899125000000      -0.118836284864681     
   1.80399750000000        6.60932416666667      -0.109006262059289     
   1.80399750000000        6.90965708333333      -9.980829597853756E-002
   1.80399750000000        7.20999000000000      -9.125779603368576E-002
   2.10433041666667       2.000000000000000E-003 -0.304624383233368     
   2.10433041666667       0.302332916666667      -0.343496509528473     
   2.10433041666667       0.602665833333333      -0.381317674588260     
   2.10433041666667       0.902998750000000      -0.413162491724727     
   2.10433041666667        1.20333166666667      -0.436946024650384     
   2.10433041666667        1.50366458333333      -0.451093895808758     
   2.10433041666667        1.80399750000000      -0.454379271772239     
   2.10433041666667        2.10433041666667      -0.446339089311233     
   2.10433041666667        2.40466333333333      -0.427790319018763     
   2.10433041666667        2.70499625000000      -0.400858622150979     
   2.10433041666667        3.00532916666667      -0.368461961017531     
   2.10433041666667        3.30566208333333      -0.333610310545465     
   2.10433041666667        3.60599500000000      -0.298889046790499     
   2.10433041666667        3.90632791666667      -0.266217954906115     
   2.10433041666667        4.20666083333333      -0.236810006453413     
   2.10433041666667        4.50699375000000      -0.211246642356605     
   2.10433041666667        4.80732666666667      -0.189567131714081     
   2.10433041666667        5.10765958333333      -0.171361027344348     
   2.10433041666667        5.40799250000000      -0.155926892757976     
   2.10433041666667        5.70832541666667      -0.142494866339279     
   2.10433041666667        6.00865833333333      -0.130435108972543     
   2.10433041666667        6.30899125000000      -0.119365096652028     
   2.10433041666667        6.60932416666667      -0.109137292289210     
   2.10433041666667        6.90965708333333      -9.976475469243909E-002
   2.10433041666667        7.20999000000000      -9.128906165508530E-002
   2.40466333333333       2.000000000000000E-003 -0.295169826930796     
   2.40466333333333       0.302332916666667      -0.331466262854809     
   2.40466333333333       0.602665833333333      -0.366673211692064     
   2.40466333333333       0.902998750000000      -0.397824312517126     
   2.40466333333333        1.20333166666667      -0.421828564918469     
   2.40466333333333        1.50366458333333      -0.435708395904588     
   2.40466333333333        1.80399750000000      -0.437664415511491     
   2.40466333333333        2.10433041666667      -0.427787038742240     
   2.40466333333333        2.40466333333333      -0.408012691028503     
   2.40466333333333        2.70499625000000      -0.381392429078330     
   2.40466333333333        3.00532916666667      -0.351094337914741     
   2.40466333333333        3.30566208333333      -0.319662568698702     
   2.40466333333333        3.60599500000000      -0.288826718939300     
   2.40466333333333        3.90632791666667      -0.259694548010343     
   2.40466333333333        4.20666083333333      -0.233006431548456     
   2.40466333333333        4.50699375000000      -0.209280317666477     
   2.40466333333333        4.80732666666667      -0.188752610998234     
   2.40466333333333        5.10765958333333      -0.171246952573770     
   2.40466333333333        5.40799250000000      -0.156198041708664     
   2.40466333333333        5.70832541666667      -0.142875251414607     
   2.40466333333333        6.00865833333333      -0.130676251850197     
   2.40466333333333        6.30899125000000      -0.119309560528837     
   2.40466333333333        6.60932416666667      -0.108785428008757     
   2.40466333333333        6.90965708333333      -9.928813030718148E-002
   2.40466333333333        7.20999000000000      -9.098312655462948E-002
   2.70499625000000       2.000000000000000E-003 -0.283804434090593     
   2.70499625000000       0.302332916666667      -0.316526178164682     
   2.70499625000000       0.602665833333333      -0.350272909139606     
   2.70499625000000       0.902998750000000      -0.378770345887216     
   2.70499625000000        1.20333166666667      -0.399581577338764     
   2.70499625000000        1.50366458333333      -0.411278519776860     
   2.70499625000000        1.80399750000000      -0.411614077173329     
   2.70499625000000        2.10433041666667      -0.400849125674684     
   2.70499625000000        2.40466333333333      -0.381386562425223     
   2.70499625000000        2.70499625000000      -0.356591644203759     
   2.70499625000000        3.00532916666667      -0.329529263109058     
   2.70499625000000        3.30566208333333      -0.302223432369813     
   2.70499625000000        3.60599500000000      -0.275677947016434     
   2.70499625000000        3.90632791666667      -0.250368369464349     
   2.70499625000000        4.20666083333333      -0.226702073315294     
   2.70499625000000        4.50699375000000      -0.205170006869918     
   2.70499625000000        4.80732666666667      -0.186154908702729     
   2.70499625000000        5.10765958333333      -0.169654269437134     
   2.70499625000000        5.40799250000000      -0.155224075181039     
   2.70499625000000        5.70832541666667      -0.142205093822235     
   2.70499625000000        6.00865833333333      -0.130061774421576     
   2.70499625000000        6.30899125000000      -0.118577807523827     
   2.70499625000000        6.60932416666667      -0.107861296240802     
   2.70499625000000        6.90965708333333      -9.840470156111003E-002
   2.70499625000000        7.20999000000000      -9.055100857458644E-002
   3.00532916666667       2.000000000000000E-003 -0.271906960576967     
   3.00532916666667       0.302332916666667      -0.296586444715380     
   3.00532916666667       0.602665833333333      -0.326115044744558     
   3.00532916666667       0.902998750000000      -0.352829801911142     
   3.00532916666667        1.20333166666667      -0.370030887592122     
   3.00532916666667        1.50366458333333      -0.378995764022488     
   3.00532916666667        1.80399750000000      -0.378494065534288     
   3.00532916666667        2.10433041666667      -0.368446092831445     
   3.00532916666667        2.40466333333333      -0.351082860174501     
   3.00532916666667        2.70499625000000      -0.329524003403972     
   3.00532916666667        3.00532916666667      -0.306459340005266     
   3.00532916666667        3.30566208333333      -0.283449863615185     
   3.00532916666667        3.60599500000000      -0.261017515561645     
   3.00532916666667        3.90632791666667      -0.239277165353438     
   3.00532916666667        4.20666083333333      -0.218506549302212     
   3.00532916666667        4.50699375000000      -0.199226467921241     
   3.00532916666667        4.80732666666667      -0.181896947017480     
   3.00532916666667        5.10765958333333      -0.166597610198051     
   3.00532916666667        5.40799250000000      -0.152963238287927     
   3.00532916666667        5.70832541666667      -0.140420851226420     
   3.00532916666667        6.00865833333333      -0.128536688485942     
   3.00532916666667        6.30899125000000      -0.117158395730966     
   3.00532916666667        6.60932416666667      -0.106512503341165     
   3.00532916666667        6.90965708333333      -9.738355443800414E-002
   3.00532916666667        7.20999000000000      -9.034010942964790E-002
   3.30566208333333       2.000000000000000E-003 -0.264413139606868     
   3.30566208333333       0.302332916666667      -0.277617247399112     
   3.30566208333333       0.602665833333333      -0.298297012904589     
   3.30566208333333       0.902998750000000      -0.320476638848436     
   3.30566208333333        1.20333166666667      -0.335207268076074     
   3.30566208333333        1.50366458333333      -0.341877544525231     
   3.30566208333333        1.80399750000000      -0.341545442176139     
   3.30566208333333        2.10433041666667      -0.333590573392647     
   3.30566208333333        2.40466333333333      -0.319648177425433     
   3.30566208333333        2.70499625000000      -0.302215638111925     
   3.30566208333333        3.00532916666667      -0.283447315205619     
   3.30566208333333        3.30566208333333      -0.264528618553202     
   3.30566208333333        3.60599500000000      -0.245739238477169     
   3.30566208333333        3.90632791666667      -0.227087491466293     
   3.30566208333333        4.20666083333333      -0.208902315682257     
   3.30566208333333        4.50699375000000      -0.191772886936156     
   3.30566208333333        4.80732666666667      -0.176167194844495     
   3.30566208333333        5.10765958333333      -0.162161147461646     
   3.30566208333333        5.40799250000000      -0.149427901735470     
   3.30566208333333        5.70832541666667      -0.137497416819647     
   3.30566208333333        6.00865833333333      -0.126087985871804     
   3.30566208333333        6.30899125000000      -0.115155376111125     
   3.30566208333333        6.60932416666667      -0.105024220155399     
   3.30566208333333        6.90965708333333      -9.678085597430292E-002
   3.30566208333333        7.20999000000000      -9.073679011463322E-002
   3.60599500000000       2.000000000000000E-003 -0.253153176673648     
   3.60599500000000       0.302332916666667      -0.263855372016332     
   3.60599500000000       0.602665833333333      -0.272891942115085     
   3.60599500000000       0.902998750000000      -0.287023803941264     
   3.60599500000000        1.20333166666667      -0.298183974400909     
   3.60599500000000        1.50366458333333      -0.303593894086053     
   3.60599500000000        1.80399750000000      -0.304106753832047     
   3.60599500000000        2.10433041666667      -0.298869170931570     
   3.60599500000000        2.40466333333333      -0.288812963040170     
   3.60599500000000        2.70499625000000      -0.275670789177582     
   3.60599500000000        3.00532916666667      -0.261015202085128     
   3.60599500000000        3.30566208333333      -0.245739126781455     
   3.60599500000000        3.60599500000000      -0.230066411685377     
   3.60599500000000        3.90632791666667      -0.214077720623042     
   3.60599500000000        4.20666083333333      -0.198221415484507     
   3.60599500000000        4.50699375000000      -0.183126354278761     
   3.60599500000000        4.80732666666667      -0.169210548680231     
   3.60599500000000        5.10765958333333      -0.156500820779097     
   3.60599500000000        5.40799250000000      -0.144697820058968     
   3.60599500000000        5.70832541666667      -0.133456178480055     
   3.60599500000000        6.00865833333333      -0.122689243379670     
   3.60599500000000        6.30899125000000      -0.112499492488096     
   3.60599500000000        6.60932416666667      -0.103340013989740     
   3.60599500000000        6.90965708333333      -9.638195518878206E-002
   3.60599500000000        7.20999000000000      -9.097516732796716E-002
   3.90632791666667       2.000000000000000E-003 -0.235211738183295     
   3.90632791666667       0.302332916666667      -0.246196734354870     
   3.90632791666667       0.602665833333333      -0.249277426571142     
   3.90632791666667       0.902998750000000      -0.255687023368634     
   3.90632791666667        1.20333166666667      -0.262774382412269     
   3.90632791666667        1.50366458333333      -0.267432719148384     
   3.90632791666667        1.80399750000000      -0.268897236158064     
   3.90632791666667        2.10433041666667      -0.266201105523049     
   3.90632791666667        2.40466333333333      -0.259684046720723     
   3.90632791666667        2.70499625000000      -0.250363845062645     
   3.90632791666667        3.00532916666667      -0.239276555124519     
   3.90632791666667        3.30566208333333      -0.227088332984946     
   3.90632791666667        3.60599500000000      -0.214078339016242     
   3.90632791666667        3.90632791666667      -0.200486362498212     
   3.90632791666667        4.20666083333333      -0.186818763159413     
   3.90632791666667        4.50699375000000      -0.173658329476148     
   3.90632791666667        4.80732666666667      -0.161342070137803     
   3.90632791666667        5.10765958333333      -0.149853298678466     
   3.90632791666667        5.40799250000000      -0.138942944280050     
   3.90632791666667        5.70832541666667      -0.128403550352245     
   3.90632791666667        6.00865833333333      -0.118320260793790     
   3.90632791666667        6.30899125000000      -0.108945018221831     
   3.90632791666667        6.60932416666667      -0.100695149102990     
   3.90632791666667        6.90965708333333      -9.408553568131961E-002
   3.90632791666667        7.20999000000000      -8.819596464091813E-002
   4.20666083333333       2.000000000000000E-003 -0.213081778142089     
   4.20666083333333       0.302332916666667      -0.221703550171935     
   4.20666083333333       0.602665833333333      -0.223735711143741     
   4.20666083333333       0.902998750000000      -0.226785286927435     
   4.20666083333333        1.20333166666667      -0.231383673453971     
   4.20666083333333        1.50366458333333      -0.235513898562775     
   4.20666083333333        1.80399750000000      -0.237617641974768     
   4.20666083333333        2.10433041666667      -0.236797600741597     
   4.20666083333333        2.40466333333333      -0.232999873021699     
   4.20666083333333        2.70499625000000      -0.226700292237277     
   4.20666083333333        3.00532916666667      -0.218507395726535     
   4.20666083333333        3.30566208333333      -0.208903695891553     
   4.20666083333333        3.60599500000000      -0.198222163943307     
   4.20666083333333        3.90632791666667      -0.186818832900684     
   4.20666083333333        4.20666083333333      -0.175183402760255     
   4.20666083333333        4.50699375000000      -0.163796884966968     
   4.20666083333333        4.80732666666667      -0.152915430529250     
   4.20666083333333        5.10765958333333      -0.142514179034754     
   4.20666083333333        5.40799250000000      -0.132426824304707     
   4.20666083333333        5.70832541666667      -0.122579921071180     
   4.20666083333333        6.00865833333333      -0.113155933036010     
   4.20666083333333        6.30899125000000      -0.104495923645206     
   4.20666083333333        6.60932416666667      -9.687933433246042E-002
   4.20666083333333        6.90965708333333      -9.051662190537160E-002
   4.20666083333333        7.20999000000000      -8.490488100365946E-002
   4.50699375000000       2.000000000000000E-003 -0.185345481352479     
   4.50699375000000       0.302332916666667      -0.193872036465139     
   4.50699375000000       0.602665833333333      -0.197565657529608     
   4.50699375000000       0.902998750000000      -0.200825245078535     
   4.50699375000000        1.20333166666667      -0.204818953634504     
   4.50699375000000        1.50366458333333      -0.208534128881356     
   4.50699375000000        1.80399750000000      -0.210912469198377     
   4.50699375000000        2.10433041666667      -0.211238258061031     
   4.50699375000000        2.40466333333333      -0.209276652841230     
   4.50699375000000        2.70499625000000      -0.205169639792625     
   4.50699375000000        3.00532916666667      -0.199227457679401     
   4.50699375000000        3.30566208333333      -0.191773683936433     
   4.50699375000000        3.60599500000000      -0.183126342319809     
   4.50699375000000        3.90632791666667      -0.173657766516259     
   4.50699375000000        4.20666083333333      -0.163796393157276     
   4.50699375000000        4.50699375000000      -0.153924766802675     
   4.50699375000000        4.80732666666667      -0.144250849434943     
   4.50699375000000        5.10765958333333      -0.134785607333191     
   4.50699375000000        5.40799250000000      -0.125466922823144     
   4.50699375000000        5.70832541666667      -0.116333363001147     
   4.50699375000000        6.00865833333333      -0.107606002157695     
   4.50699375000000        6.30899125000000      -9.958738400151358E-002
   4.50699375000000        6.60932416666667      -9.245259637201039E-002
   4.50699375000000        6.90965708333333      -8.624073269170160E-002
   4.50699375000000        7.20999000000000      -8.061892769245148E-002
   4.80732666666667       2.000000000000000E-003 -0.160222365637924     
   4.80732666666667       0.302332916666667      -0.168651287328303     
   4.80732666666667       0.602665833333333      -0.174188435914103     
   4.80732666666667       0.902998750000000      -0.178612357106227     
   4.80732666666667        1.20333166666667      -0.182654230835530     
   4.80732666666667        1.50366458333333      -0.186152376160903     
   4.80732666666667        1.80399750000000      -0.188610809085571     
   4.80732666666667        2.10433041666667      -0.189561328651893     
   4.80732666666667        2.40466333333333      -0.188750107838164     
   4.80732666666667        2.70499625000000      -0.186154330225906     
   4.80732666666667        3.00532916666667      -0.181896820384669     
   4.80732666666667        3.30566208333333      -0.176166592162760     
   4.80732666666667        3.60599500000000      -0.169209334209552     
   4.80732666666667        3.90632791666667      -0.161340679241057     
   4.80732666666667        4.20666083333333      -0.152914396343412     
   4.80732666666667        4.50699375000000      -0.144250409685583     
   4.80732666666667        4.80732666666667      -0.135556109051598     
   4.80732666666667        5.10765958333333      -0.126913252070910     
   4.80732666666667        5.40799250000000      -0.118362317127173     
   4.80732666666667        5.70832541666667      -0.110011214324560     
   4.80732666666667        6.00865833333333      -0.102066257781829     
   4.80732666666667        6.30899125000000      -9.474444293324250E-002
   4.80732666666667        6.60932416666667      -8.813271829158768E-002
   4.80732666666667        6.90965708333333      -8.214073115379056E-002
   4.80732666666667        7.20999000000000      -7.660444692525299E-002
   5.10765958333333       2.000000000000000E-003 -0.140205043546999     
   5.10765958333333       0.302332916666667      -0.148178519487964     
   5.10765958333333       0.602665833333333      -0.154537583041243     
   5.10765958333333       0.902998750000000      -0.159791067790328     
   5.10765958333333        1.20333166666667      -0.164110822986488     
   5.10765958333333        1.50366458333333      -0.167579585549810     
   5.10765958333333        1.80399750000000      -0.170071406451761     
   5.10765958333333        2.10433041666667      -0.171356419569273     
   5.10765958333333        2.40466333333333      -0.171244315309943     
   5.10765958333333        2.70499625000000      -0.169652570850340     
   5.10765958333333        3.00532916666667      -0.166595966566623     
   5.10765958333333        3.30566208333333      -0.162159194940021     
   5.10765958333333        3.60599500000000      -0.156498738795528     
   5.10765958333333        3.90632791666667      -0.149851525565469     
   5.10765958333333        4.20666083333333      -0.142513045035807     
   5.10765958333333        4.50699375000000      -0.134785126688473     
   5.10765958333333        4.80732666666667      -0.126913168572582     
   5.10765958333333        5.10765958333333      -0.119059171751593     
   5.10765958333333        5.40799250000000      -0.111336539709205     
   5.10765958333333        5.70832541666667      -0.103864426852839     
   5.10765958333333        6.00865833333333      -9.677806205574144E-002
   5.10765958333333        6.30899125000000      -9.017939382251637E-002
   5.10765958333333        6.60932416666667      -8.408764126628931E-002
   5.10765958333333        6.90965708333333      -7.848218001164384E-002
   5.10765958333333        7.20999000000000      -7.321797528314623E-002
   5.40799250000000       2.000000000000000E-003 -0.125513084656584     
   5.40799250000000       0.302332916666667      -0.132588255090227     
   5.40799250000000       0.602665833333333      -0.138821042221379     
   5.40799250000000       0.902998750000000      -0.144124824842251     
   5.40799250000000        1.20333166666667      -0.148543043871346     
   5.40799250000000        1.50366458333333      -0.152025406046365     
   5.40799250000000        1.80399750000000      -0.154497100685198     
   5.40799250000000        2.10433041666667      -0.155922796748284     
   5.40799250000000        2.40466333333333      -0.156194921185258     
   5.40799250000000        2.70499625000000      -0.155221357976775     
   5.40799250000000        3.00532916666667      -0.152960584779148     
   5.40799250000000        3.30566208333333      -0.149425349396570     
   5.40799250000000        3.60599500000000      -0.144695670636110     
   5.40799250000000        3.90632791666667      -0.138941493529583     
   5.40799250000000        4.20666083333333      -0.132426134739142     
   5.40799250000000        4.50699375000000      -0.125466789741779     
   5.40799250000000        4.80732666666667      -0.118362416762824     
   5.40799250000000        5.10765958333333      -0.111336624400158     
   5.40799250000000        5.40799250000000      -0.104529034482789     
   5.40799250000000        5.70832541666667      -9.801697373177458E-002
   5.40799250000000        6.00865833333333      -9.182718036120606E-002
   5.40799250000000        6.30899125000000      -8.598220353195613E-002
   5.40799250000000        6.60932416666667      -8.051065762897303E-002
   5.40799250000000        6.90965708333333      -7.536355370687411E-002
   5.40799250000000        7.20999000000000      -7.047204278343626E-002
   5.70832541666667       2.000000000000000E-003 -0.115244597533845     
   5.70832541666667       0.302332916666667      -0.121184250361241     
   5.70832541666667       0.602665833333333      -0.126762438458062     
   5.70832541666667       0.902998750000000      -0.131682066716838     
   5.70832541666667        1.20333166666667      -0.135745107672471     
   5.70832541666667        1.50366458333333      -0.138905769117918     
   5.70832541666667        1.80399750000000      -0.141150786147967     
   5.70832541666667        2.10433041666667      -0.142491290449566     
   5.70832541666667        2.40466333333333      -0.142872025280808     
   5.70832541666667        2.70499625000000      -0.142202054827029     
   5.70832541666667        3.00532916666667      -0.140418040231140     
   5.70832541666667        3.30566208333333      -0.137495080142140     
   5.70832541666667        3.60599500000000      -0.133454608662723     
   5.70832541666667        3.90632791666667      -0.128402856305502     
   5.70832541666667        4.20666083333333      -0.122579914134324     
   5.70832541666667        4.50699375000000      -0.116333673041320     
   5.70832541666667        4.80732666666667      -0.110011511827865     
   5.70832541666667        5.10765958333333      -0.103864567600364     
   5.70832541666667        5.40799250000000      -9.801699481926718E-002
   5.70832541666667        5.70832541666667      -9.248283801483952E-002
   5.70832541666667        6.00865833333333      -8.721897194921571E-002
   5.70832541666667        6.30899125000000      -8.221225531518940E-002
   5.70832541666667        6.60932416666667      -7.743408680967939E-002
   5.70832541666667        6.90965708333333      -7.283328891960145E-002
   5.70832541666667        7.20999000000000      -6.835401442108414E-002
   6.00865833333333       2.000000000000000E-003 -0.108446677421885     
   6.00865833333333       0.302332916666667      -0.112952121645247     
   6.00865833333333       0.602665833333333      -0.117541472985419     
   6.00865833333333       0.902998750000000      -0.121738073140673     
   6.00865833333333        1.20333166666667      -0.125130295972468     
   6.00865833333333        1.50366458333333      -0.127680165583218     
   6.00865833333333        1.80399750000000      -0.129435476472469     
   6.00865833333333        2.10433041666667      -0.130432335227638     
   6.00865833333333        2.40466333333333      -0.130673451034679     
   6.00865833333333        2.70499625000000      -0.130059050575549     
   6.00865833333333        3.00532916666667      -0.128534251032039     
   6.00865833333333        3.30566208333333      -0.126086135199386     
   6.00865833333333        3.60599500000000      -0.122688294668489     
   6.00865833333333        3.90632791666667      -0.118320239298620     
   6.00865833333333        4.20666083333333      -0.113156457646776     
   6.00865833333333        4.50699375000000      -0.107606567135640     
   6.00865833333333        4.80732666666667      -0.102066584230547     
   6.00865833333333        5.10765958333333      -9.677814131858020E-002
   6.00865833333333        5.40799250000000      -9.182715221269176E-002
   6.00865833333333        5.70832541666667      -8.721894606862406E-002
   6.00865833333333        6.00865833333333      -8.288666855778400E-002
   6.00865833333333        6.30899125000000      -7.874000422091652E-002
   6.00865833333333        6.60932416666667      -7.470394619950271E-002
   6.00865833333333        6.90965708333333      -7.073085750659340E-002
   6.00865833333333        7.20999000000000      -6.673350381125150E-002
   6.30899125000000       2.000000000000000E-003 -0.103862352907014     
   6.30899125000000       0.302332916666667      -0.106614072612678     
   6.30899125000000       0.602665833333333      -0.110070780911394     
   6.30899125000000       0.902998750000000      -0.113383274430432     
   6.30899125000000        1.20333166666667      -0.115910087955758     
   6.30899125000000        1.50366458333333      -0.117692791846597     
   6.30899125000000        1.80399750000000      -0.118834796186799     
   6.30899125000000        2.10433041666667      -0.119363268210730     
   6.30899125000000        2.40466333333333      -0.119307430483007     
   6.30899125000000        2.70499625000000      -0.118575586784612     
   6.30899125000000        3.00532916666667      -0.117156309421070     
   6.30899125000000        3.30566208333333      -0.115153883308485     
   6.30899125000000        3.60599500000000      -0.112499027625817     
   6.30899125000000        3.90632791666667      -0.108945503038261     
   6.30899125000000        4.20666083333333      -0.104496766701612     
   6.30899125000000        4.50699375000000      -9.958799712136646E-002
   6.30899125000000        4.80732666666667      -9.474464625434129E-002
   6.30899125000000        5.10765958333333      -9.017935288378000E-002
   6.30899125000000        5.40799250000000      -8.598212504977340E-002
   6.30899125000000        5.70832541666667      -8.221223854849209E-002
   6.30899125000000        6.00865833333333      -7.874004136912113E-002
   6.30899125000000        6.30899125000000      -7.539345656284557E-002
   6.30899125000000        6.60932416666667      -7.204582307206320E-002
   6.30899125000000        6.90965708333333      -6.874601454889617E-002
   6.30899125000000        7.20999000000000      -6.537432378324266E-002
   6.60932416666667       2.000000000000000E-003 -9.976221066410469E-002
   6.60932416666667       0.302332916666667      -0.100462963887825     
   6.60932416666667       0.602665833333333      -0.102976306217268     
   6.60932416666667       0.902998750000000      -0.105476217557698     
   6.60932416666667        1.20333166666667      -0.107231738901508     
   6.60932416666667        1.50366458333333      -0.108375578160449     
   6.60932416666667        1.80399750000000      -0.109005573476731     
   6.60932416666667        2.10433041666667      -0.109136235499820     
   6.60932416666667        2.40466333333333      -0.108783863802627     
   6.60932416666667        2.70499625000000      -0.107859430642807     
   6.60932416666667        3.00532916666667      -0.106510608786802     
   6.60932416666667        3.30566208333333      -0.105022898055266     
   6.60932416666667        3.60599500000000      -0.103339872861135     
   6.60932416666667        3.90632791666667      -0.100695993002440     
   6.60932416666667        4.20666083333333      -9.688029896729468E-002
   6.60932416666667        4.50699375000000      -9.245313594907481E-002
   6.60932416666667        4.80732666666667      -8.813277976304805E-002
   6.60932416666667        5.10765958333333      -8.408753552778697E-002
   6.60932416666667        5.40799250000000      -8.051061905594166E-002
   6.60932416666667        5.70832541666667      -7.743418158081705E-002
   6.60932416666667        6.00865833333333      -7.470412512134068E-002
   6.60932416666667        6.30899125000000      -7.204596568797292E-002
   6.60932416666667        6.60932416666667      -6.917135147638989E-002
   6.60932416666667        6.90965708333333      -6.639561345056758E-002
   6.60932416666667        7.20999000000000      -6.395231150284822E-002
   6.90965708333333       2.000000000000000E-003 -9.425530784465355E-002
   6.90965708333333       0.302332916666667      -9.415220017430220E-002
   6.90965708333333       0.602665833333333      -9.497537453082025E-002
   6.90965708333333       0.902998750000000      -9.687542784338192E-002
   6.90965708333333        1.20333166666667      -9.842241580616418E-002
   6.90965708333333        1.50366458333333      -9.937613353648521E-002
   6.90965708333333        1.80399750000000      -9.980791629272595E-002
   6.90965708333333        2.10433041666667      -9.976404518148983E-002
   6.90965708333333        2.40466333333333      -9.928687940709555E-002
   6.90965708333333        2.70499625000000      -9.840296768140482E-002
   6.90965708333333        3.00532916666667      -9.738157280821211E-002
   6.90965708333333        3.30566208333333      -9.677931343582429E-002
   6.90965708333333        3.60599500000000      -9.638157280025364E-002
   6.90965708333333        3.90632791666667      -9.408603142531846E-002
   6.90965708333333        4.20666083333333      -9.051712569955060E-002
   6.90965708333333        4.50699375000000      -8.624090799137057E-002
   6.90965708333333        4.80732666666667      -8.214067986750029E-002
   6.90965708333333        5.10765958333333      -7.848214687206877E-002
   6.90965708333333        5.40799250000000      -7.536369540140891E-002
   6.90965708333333        5.70832541666667      -7.283360841690223E-002
   6.90965708333333        6.00865833333333      -7.073126587029784E-002
   6.90965708333333        6.30899125000000      -6.874636909611692E-002
   6.90965708333333        6.60932416666667      -6.639577453686261E-002
   6.90965708333333        6.90965708333333      -6.390117763999241E-002
   6.90965708333333        7.20999000000000      -6.227293496759513E-002
   7.20999000000000       2.000000000000000E-003 -8.876981495074684E-002
   7.20999000000000       0.302332916666667      -8.756215595107515E-002
   7.20999000000000       0.602665833333333      -8.615262415525034E-002
   7.20999000000000       0.902998750000000      -8.791123437794301E-002
   7.20999000000000        1.20333166666667      -8.964852241204838E-002
   7.20999000000000        1.50366458333333      -9.074765796855433E-002
   7.20999000000000        1.80399750000000      -9.125741376852467E-002
   7.20999000000000        2.10433041666667      -9.128843016850911E-002
   7.20999000000000        2.40466333333333      -9.098201141267125E-002
   7.20999000000000        2.70499625000000      -9.054928306668243E-002
   7.20999000000000        3.00532916666667      -9.033792649798836E-002
   7.20999000000000        3.30566208333333      -9.073504823626927E-002
   7.20999000000000        3.60599500000000      -9.097482118876313E-002
   7.20999000000000        3.90632791666667      -8.819527444551194E-002
   7.20999000000000        4.20666083333333      -8.490435611492092E-002
   7.20999000000000        4.50699375000000      -8.061859318443215E-002
   7.20999000000000        4.80732666666667      -7.660436083399068E-002
   7.20999000000000        5.10765958333333      -7.321818374664016E-002
   7.20999000000000        5.40799250000000      -7.047249813820347E-002
   7.20999000000000        5.70832541666667      -6.835464301608264E-002
   7.20999000000000        6.00865833333333      -6.673420283104869E-002
   7.20999000000000        6.30899125000000      -6.537496930188184E-002
   7.20999000000000        6.60932416666667      -6.395276328748162E-002
   7.20999000000000        6.90965708333333      -6.227307863004536E-002
   7.20999000000000        7.20999000000000      -5.979963723535060E-002
